MatLab_Code/gobs.grd
DSAA
101 101
0 10000
0 10000
0.22528 7.51789
[rows 0 to 28 of 101, columns 0 to 65 of 101]
0.22528 0.232527 0.240027 0.247778 0.255799 0.264085 0.272644 0.281489 0.290613 0.300026 0.309737 0.319732 0.330028 0.340622 0.351499 0.362678 0.374141 0.385871 0.397891 0.410164 0.422669 0.435433 0.448393 0.461533 0.474864 0.488313 0.501861 0.5155 0.529145 0.542779 0.556366 0.569813 0.583108 0.596183 0.608941 0.621378 0.633391 0.644889 0.655881 0.666232 0.675866 0.684806 0.692901 0.700107 0.706433 0.711755 0.716061 0.719349 0.721536 0.722641 0.722662 0.72156 0.719386 0.716146 0.711844 0.706559 0.700315 0.693147 0.685172 0.676421 0.66696 0.656947 0.646405 0.635429 0.62416 0.612597
0.231865 0.239458 0.247343 0.255503 0.263949 0.272689 0.281729 0.291076 0.300737 0.310716 0.321017 0.331646 0.342603 0.35389 0.365507 0.377451 0.389721 0.402309 0.415208 0.428408 0.441895 0.455653 0.469663 0.483902 0.498344 0.51296 0.527712 0.542564 0.557473 0.572388 0.587262 0.602035 0.616646 0.631032 0.645122 0.658843 0.672125 0.684886 0.697051 0.708543 0.719282 0.729196 0.738212 0.74626 0.753286 0.759226 0.764036 0.767679 0.770118 0.771338 0.771328 0.770082 0.76762 0.763956 0.759121 0.753167 0.746137 0.738097 0.729126 0.719299 0.708715 0.697479 0.685694 0.673478 0.660929 0.648137
0.238623 0.246597 0.254883 0.263467 0.272363 0.28158 0.291126 0.301008 0.311235 0.321813 0.332748 0.344046 0.35571 0.367742 0.380145 0.392918 0.406058 0.419561 0.433419 0.447624 0.462163 0.477018 0.492172 0.507601 0.523276 0.539166 0.555236 0.571441 0.587738 0.604072 0.620387 0.636621 0.652705 0.668566 0.684127 0.699306 0.714019 0.728175 0.741689 0.75447 0.766427 0.777477 0.787533 0.796519 0.804365 0.811001 0.816374 0.820442 0.82316 0.82451 0.824481 0.823064 0.820277 0.816144 0.810696 0.803987 0.796075 0.787032 0.776941 0.765899 0.754012 0.741399 0.728194 0.714532 0.700547 0.686352
0.245544 0.253919 0.262624 0.271654 0.281023 0.290741 0.300819 0.311267 0.322092 0.333305 0.344913 0.356921 0.369338 0.382167 0.39541 0.409071 0.423146 0.437633 0.452528 0.46782 0.483496 0.499546 0.515945 0.53267 0.549697 0.566987 0.584503 0.602204 0.620034 0.637939 0.655859 0.673717 0.691445 0.708961 0.726168 0.742987 0.759314 0.775041 0.790085 0.804327 0.81766 0.830007 0.841248 0.851293 0.860082 0.867512 0.873526 0.878085 0.881122 0.882623 0.882577 0.880963 0.877812 0.873147 0.866996 0.859434 0.850517 0.840322 0.828961 0.816528 0.803146 0.788964 0.774126 0.758795 0.743166 0.727363
0.252645 0.261427 0.270571 0.280068 0.289933 0.300179 0.310818 0.321861 0.333319 0.345204 0.357525 0.37029 0.383509 0.397187 0.41133 0.425941 0.441021 0.456568 0.47258 0.489047 0.50596 0.523305 0.541061 0.559205 0.577708 0.596534 0.615645 0.634991 0.654518 0.674166 0.693865 0.713538 0.733103 0.752466 0.771528 0.790189 0.808332 0.825843 0.842609 0.858506 0.873413 0.887221 0.89981 0.911077 0.920927 0.929268 0.936023 0.941135 0.944547 0.946227 0.946159 0.944336 0.940773 0.935501 0.928564 0.920026 0.909965 0.898473 0.885657 0.871642 0.856563 0.840578 0.823868 0.806628 0.789088 0.771439
0.259908 0.269122 0.278725 0.288711 0.299096 0.309896 0.321124 0.332795 0.344922 0.357517 0.370593 0.384162 0.398234 0.412818 0.427922 0.443552 0.45971 0.476398 0.493615 0.511354 0.529605 0.548358 0.567591 0.587282 0.607403 0.627915 0.648777 0.66994 0.691342 0.712922 0.734602 0.756294 0.77791 0.799347 0.820487 0.84122 0.861414 0.880932 0.899652 0.917424 0.934109 0.949586 0.963709 0.976357 0.987429 0.996807 1.00441 1.01016 1.014 1.01589 1.01582 1.01375 1.00973 1.00379 0.995954 0.98632 0.974965 0.961993 0.947533 0.931718 0.914704 0.896669 0.877813 0.858369 0.838624 0.818841
0.267336 0.277002 0.287084 0.29758 0.308511 0.319892 0.33174 0.344072 0.356903 0.37025 0.384127 0.398548 0.413527 0.429077 0.445207 0.461927 0.479243 0.497157 0.515673 0.534785 0.554486 0.574768 0.595609 0.616987 0.638879 0.661239 0.684027 0.707195 0.730672 0.754391 0.778273 0.802215 0.826123 0.849881 0.873351 0.896416 0.918921 0.940704 0.961633 0.981529 1.00023 1.0176 1.03346 1.04768 1.06015 1.07071 1.07927 1.08577 1.09011 1.09225 1.09218 1.08986 1.08533 1.07863 1.06979 1.05892 1.04611 1.03146 1.01514 0.99729 0.978078 0.957715 0.936414 0.914438 0.89214 0.869873
0.274935 0.285063 0.295645 0.306675 0.318176 0.330166 0.342665 0.355692 0.369266 0.383406 0.39813 0.413455 0.429399 0.445977 0.463202 0.481088 0.499644 0.518877 0.538792 0.559387 0.580657 0.602597 0.625188 0.64841 0.672234 0.696622 0.72153 0.746903 0.772673 0.798765 0.825089 0.851539 0.878007 0.904358 0.930448 0.95613 0.981231 1.00558 1.02899 1.05129 1.07227 1.09178 1.10962 1.12563 1.13966 1.15157 1.16124 1.16858 1.1735 1.17595 1.17589 1.1733 1.16822 1.16068 1.15073 1.13848 1.12403 1.10751 1.08909 1.06894 1.04725 1.02424 1.00017 0.975315 0.950065 0.924917
0.282686 0.293303 0.304406 0.315992 0.328089 0.340716 0.353898 0.367656 0.382012 0.396988 0.412607 0.42889 0.445857 0.463528 0.481921 0.501054 0.520938 0.541585 0.563006 0.585201 0.608168 0.631907 0.656399 0.681627 0.707565 0.734173 0.761407 0.789211 0.817511 0.846227 0.875264 0.904501 0.93382 0.963073 0.992089 1.02071 1.04873 1.07595 1.10217 1.12716 1.15071 1.17264 1.1927 1.21072 1.22654 1.23997 1.2509 1.25921 1.26479 1.2676 1.26759 1.26473 1.25906 1.25061 1.23943 1.22565 1.20938 1.19077 1.17 1.14727 1.1228 1.09683 1.06962 1.0415 1.01287 0.984365
0.290594 0.301717 0.313361 0.325527 0.338246 0.351541 0.365437 0.379962 0.39514 0.410998 0.427562 0.444857 0.462909 0.481743 0.501379 0.521841 0.543147 0.565312 0.588351 0.61227 0.637071 0.662757 0.689314 0.716725 0.744971 0.774008 0.803792 0.834271 0.865359 0.896975 0.929019 0.96135 0.993842 1.02633 1.05861 1.09051 1.1218 1.15223 1.18159 1.20961 1.23604 1.26066 1.28321 1.30348 1.32129 1.33644 1.34878 1.3582 1.36455 1.3678 1.36788 1.36476 1.35847 1.34905 1.33655 1.32111 1.30284 1.28191 1.25854 1.23294 1.20536 1.17607 1.14537 1.1136 1.08116 1.04879
0.298657 0.310299 0.322505 0.335276 0.348642 0.362633 0.377278 0.392606 0.408647 0.425433 0.442993 0.461358 0.480559 0.500626 0.521585 0.543465 0.56629 0.59008 0.614857 0.640631 0.667411 0.695204 0.724 0.753788 0.784545 0.816236 0.848817 0.882225 0.916384 0.951202 0.986563 1.02232 1.05834 1.09441 1.13033 1.16589 1.20081 1.23482 1.26767 1.29904 1.32865 1.35626 1.38156 1.40433 1.42434 1.44139 1.45531 1.46596 1.47321 1.47698 1.47723 1.47388 1.46698 1.45655 1.44267 1.42544 1.40502 1.38159 1.35536 1.3266 1.29558 1.26261 1.22803 1.19219 1.15554 1.11885
0.306854 0.319043 0.331833 0.34523 0.359271 0.373988 0.389414 0.405583 0.422529 0.440289 0.458898 0.478392 0.498807 0.52018 0.542544 0.565933 0.590379 0.615907 0.642547 0.670316 0.699227 0.729296 0.760515 0.792878 0.826371 0.860954 0.896587 0.933211 0.970737 1.00907 1.04809 1.08763 1.12753 1.16758 1.20752 1.24711 1.28604 1.324 1.36068 1.39573 1.42882 1.45968 1.48798 1.51344 1.53586 1.55498 1.57062 1.58266 1.59093 1.59533 1.59582 1.59232 1.58487 1.57346 1.55816 1.53911 1.51643 1.49031 1.46104 1.42885 1.39407 1.35709 1.31824 1.27797 1.23669 1.19527
0.315192 0.32794 0.341335 0.355383 0.370125 0.385598 0.401838 0.418886 0.43678 0.455561 0.475273 0.495956 0.517653 0.540409 0.564261 0.589255 0.615427 0.642812 0.671447 0.701355 0.732559 0.765081 0.798919 0.834073 0.870533 0.908264 0.947224 0.987358 1.02857 1.07076 1.11379 1.15748 1.20166 1.24606 1.29041 1.33443 1.37774 1.41998 1.46081 1.49983 1.53665 1.57098 1.60244 1.63077 1.65572 1.67704 1.69454 1.70808 1.71749 1.72266 1.72353 1.72001 1.7121 1.69982 1.68318 1.66232 1.63737 1.60851 1.57603 1.54021 1.50142 1.46007 1.4166 1.37149 1.32527 1.27882
0.32366 0.336982 0.351001 0.365724 0.381193 0.397451 0.41454 0.432504 0.451388 0.47124 0.492109 0.514041 0.537091 0.561305 0.586735 0.613431 0.641439 0.670802 0.701568 0.733768 0.767433 0.802592 0.839254 0.877425 0.917096 0.958241 1.00082 1.04477 1.08999 1.13639 1.1838 1.23203 1.28086 1.33001 1.37916 1.42795 1.47597 1.52281 1.56803 1.6112 1.65191 1.6898 1.72451 1.75576 1.78329 1.80686 1.82629 1.84142 1.85209 1.85818 1.8596 1.85626 1.84811 1.83516 1.81739 1.79489 1.76779 1.73625 1.70055 1.66101 1.61803 1.57206 1.52364 1.47335 1.42183 1.37008
0.332233 0.346159 0.360823 0.376242 0.392465 0.409537 0.427507 0.446425 0.466342 0.487312 0.509392 0.532637 0.557107 0.582861 0.609955 0.638453 0.66841 0.699877 0.732915 0.767563 0.803861 0.841854 0.881551 0.922967 0.966108 1.01094 1.05743 1.10552 1.15509 1.20604 1.2582 1.31134 1.3652 1.41947 1.47375 1.52763 1.58062 1.63222 1.68197 1.72934 1.77391 1.81531 1.85317 1.88722 1.91724 1.943 1.96433 1.98109 1.99312 2.00029 2.00249 1.9996 1.99156 1.97829 1.95977 1.93602 1.9071 1.87315 1.83444 1.79126 1.74404 1.69335 1.63976 1.58399 1.52685 1.46946
0.340923 0.355458 0.370787 0.386925 0.403926 0.421842 0.440726 0.460636 0.481628 0.503765 0.527111 0.55173 0.577691 0.605063 0.633914 0.664316 0.696335 0.730036 0.76549 0.802748 0.841861 0.882883 0.925836 0.970742 1.01761 1.06641 1.11712 1.16966 1.22393 1.27979 1.33706 1.39546 1.4547 1.5144 1.57408 1.63325 1.69133 1.74773 1.80191 1.85332 1.90149 1.94606 1.98672 2.02325 2.05544 2.08316 2.10625 2.12459 2.13804 2.14646 2.14971 2.14767 2.14019 2.12717 2.10851 2.08413 2.05402 2.01825 1.97699 1.93054 1.87932 1.82395 1.76512 1.70367 1.64064 1.57727
0.349705 0.364867 0.380878 0.397757 0.415561 0.434349 0.454179 0.475116 0.497225 0.520577 0.545243 0.571298 0.598821 0.627891 0.658588 0.690996 0.725194 0.76126 0.799276 0.839307 0.881418 0.925672 0.972102 1.02074 1.0716 1.12466 1.17989 1.2372 1.29649 1.3576 1.4203 1.48428 1.54919 1.61455 1.67979 1.74431 1.80742 1.86841 1.92666 1.9816 2.03278 2.07987 2.12266 2.16101 2.19484 2.22407 2.24862 2.26838 2.28326 2.29308 2.2977 2.29698 2.2907 2.27868 2.26074 2.23668 2.20637 2.16972 2.12679 2.07778 2.02312 1.96342 1.8995 1.83237 1.76326 1.6936
0.358554 0.374372 0.391084 0.408722 0.427353 0.447038 0.467845 0.489846 0.513112 0.537724 0.563764 0.591315 0.620469 0.651318 0.68395 0.718467 0.75496 0.793519 0.834246 0.877216 0.922505 0.970196 1.02033 1.07294 1.12805 1.18565 1.24568 1.30809 1.3727 1.43935 1.50778 1.5776 1.64837 1.71952 1.79033 1.86006 1.92786 1.99292 2.05454 2.11213 2.16532 2.21386 2.25774 2.29699 2.3316 2.36169 2.38725 2.40814 2.42438 2.43576 2.44205 2.44319 2.43883 2.42873 2.41265 2.39016 2.36099 2.32486 2.28157 2.2312 2.17405 2.11075 2.0422 1.96957 1.89438 1.8182
0.367486 0.383954 0.401384 0.419803 0.439282 0.459892 0.481705 0.504803 0.529266 0.555183 0.582648 0.611756 0.642609 0.675312 0.709971 0.746698 0.7856 0.826786 0.870369 0.916441 0.965095 1.01642 1.07048 1.1273 1.18693 1.24933 1.31446 1.38222 1.45245 1.52491 1.59928 1.67511 1.75184 1.82873 1.90493 1.97948 2.05135 2.11961 2.18345 2.24237 2.29611 2.34465 2.3882 2.42704 2.46139 2.49149 2.5174 2.53908 2.55651 2.56949 2.5778 2.58129 2.57964 2.57252 2.55956 2.5402 2.51389 2.48007 2.43823 2.38816 2.32999 2.26425 2.19191 2.11435 2.03327 1.95055
0.37646 0.3936 0.411762 0.430979 0.451327 0.472884 0.495732 0.519958 0.545654 0.572921 0.60186 0.63258 0.665199 0.699832 0.736602 0.775637 0.817062 0.861001 0.907582 0.956918 1.00911 1.06427 1.12246 1.18374 1.24811 1.31557 1.38605 1.45942 1.53548 1.61395 1.69442 1.77632 1.85896 1.94141 2.0226 2.10131 2.17632 2.24654 2.31112 2.36965 2.42213 2.46885 2.51041 2.54737 2.58022 2.60937 2.63494 2.65694 2.67534 2.68991 2.70042 2.70673 2.70849 2.70534 2.69684 2.68223 2.66069 2.63128 2.59305 2.54539 2.48808 2.42148 2.34658 2.26492 2.17845 2.08939
0.385451 0.403289 0.422198 0.442227 0.463463 0.485989 0.509895 0.535282 0.562246 0.5909 0.621361 0.653747 0.688193 0.72483 0.763791 0.805231 0.849287 0.896096 0.945819 0.998573 1.05447 1.11366 1.17619 1.24211 1.31148 1.38422 1.46025 1.53944 1.6215 1.70609 1.7927 1.88063 1.96899 2.05665 2.14223 2.22424 2.3012 2.37188 2.43536 2.49153 2.5407 2.58365 2.62143 2.65497 2.68512 2.71233 2.73689 2.75874 2.77782 2.79389 2.80669 2.8161 2.82178 2.82343 2.82052 2.81219 2.79729 2.77446 2.74216 2.69922 2.64504 2.57942 2.5035 2.41889 2.32779 2.23281
0.394483 0.413001 0.432669 0.453526 0.475666 0.499181 0.52417 0.550741 0.579005 0.609085 0.641109 0.675213 0.711543 0.750249 0.791484 0.835415 0.882201 0.932005 0.984992 1.04131 1.10109 1.16447 1.23152 1.3023 1.37683 1.45504 1.53682 1.62195 1.71012 1.80086 1.89355 1.98733 2.08109 2.17343 2.26267 2.34695 2.42453 2.494 2.55457 2.60638 2.65023 2.68757 2.71992 2.74867 2.77504 2.79949 2.82236 2.84366 2.86309 2.88045 2.89551 2.90804 2.91793 2.9249 2.92834 2.92747 2.92075 2.9063 2.8821 2.84612 2.79711 2.73457 2.65931 2.57309 2.47839 2.37824
0.403495 0.422716 0.443151 0.464848 0.487906 0.512427 0.538519 0.566298 0.595889 0.627427 0.661054 0.69692 0.735188 0.776024 0.819602 0.866107 0.915718 0.968618 1.02499 1.085 1.14881 1.21654 1.28827 1.36408 1.44394 1.52776 1.61539 1.70655 1.80081 1.89763 1.99622 2.09555 2.19428 2.29071 2.38281 2.46836 2.5453 2.61209 2.66808 2.71383 2.75069 2.78092 2.80657 2.8295 2.85128 2.87236 2.89311 2.91348 2.93299 2.95143 2.96855 2.98411 2.99817 3.01057 3.02072 3.0279 3.03028 3.02549 3.01088 2.98354 2.9415 2.88367 2.81057 2.72404 2.62679 2.52234
0.41247 0.432411 0.453622 0.476166 0.500155 0.525695 0.552904 0.581915 0.612856 0.64588 0.681145 0.71881 0.759062 0.802085 0.848066 0.897219 0.94974 1.00583 1.0657 1.12952 1.19746 1.26969 1.34625 1.42719 1.51251 1.60203 1.69555 1.79272 1.89299 1.99569 2.0999 2.20438 2.30756 2.40742 2.50169 2.58761 2.66292 2.72595 2.77614 2.81466 2.84313 2.86556 2.8837 2.89985 2.91696 2.93419 2.95237 2.97184 2.99107 3.01031 3.02945 3.04762 3.06565 3.08345 3.0999 3.11535 3.12711 3.13219 3.12801 3.11012 3.07614 3.0239 2.95397 2.86825 2.76923 2.6614
0.421421 0.442062 0.464053 0.487455 0.512381 0.538951 0.567294 0.597547 0.62986 0.664394 0.701321 0.740823 0.783098 0.82835 0.876792 0.928653 0.984154 1.04352 1.10697 1.17471 1.2469 1.32371 1.4052 1.49139 1.58221 1.67747 1.77686 1.87991 1.98599 2.09426 2.20363 2.31273 2.41976 2.52248 2.61824 2.70405 2.77726 2.83608 2.88015 2.91106 2.93146 2.94531 2.95577 2.96562 2.97713 2.99053 3.00626 3.02414 3.04316 3.06314 3.0838 3.10472 3.12642 3.14903 3.17191 3.19474 3.21517 3.22988 3.23521 3.22637 3.19989 3.15338 3.08677 3.0019 2.902 2.79149
0.430285 0.451644 0.474419 0.49868 0.524549 0.552156 0.581639 0.613149 0.646847 0.682907 0.721519 0.76288 0.807209 0.854728 0.905673 0.960292 1.01883 1.08153 1.14863 1.22036 1.29688 1.37836 1.46484 1.55631 1.65266 1.7536 1.85873 1.96746 2.07901 2.1924 2.30639 2.41948 2.52974 2.63474 2.73167 2.81716 2.88831 2.94316 2.98139 3.0051 3.01735 3.02327 3.02624 3.02947 3.0359 3.0453 3.05833 3.07489 3.09351 3.11415 3.13653 3.15994 3.18522 3.21256 3.24097 3.2707 3.29888 3.3217 3.33541 3.33413 3.31396 3.27191 3.20774 3.12344 3.02234 2.90947
0.439053 0.461132 0.484692 0.509811 0.536627 0.565274 0.595901 0.628675 0.663764 0.701362 0.741674 0.784911 0.831315 0.881129 0.934603 0.992018 1.05363 1.11971 1.19053 1.26629 1.34718 1.43337 1.52487 1.62161 1.72344 1.82994 1.94061 2.05469 2.17126 2.28916 2.40706 2.52338 2.63615 2.7429 2.84083 2.92616 2.9958 3.04769 3.08104 3.09863 3.1036 3.10246 3.09848 3.09521 3.09693 3.10232 3.11252 3.12789 3.14613 3.16758 3.19204 3.21814 3.24721 3.27934 3.31275 3.34872 3.3834 3.41238 3.43245 3.43632 3.42008 3.38022 3.31664 3.23161 3.12841 3.01289
0.447723 0.470501 0.494841 0.52082 0.548578 0.578264 0.610038 0.644073 0.680559 0.719699 0.761714 0.806839 0.855328 0.907449 0.963475 1.0237 1.08842 1.15791 1.23245 1.31228 1.39757 1.48847 1.58496 1.68694 1.79411 1.90599 2.02189 2.1409 2.26189 2.38357 2.50452 2.62313 2.73756 2.84549 2.94405 3.02966 3.09873 3.14885 3.17918 3.19223 3.19204 3.18442 3.17433 3.1658 3.16199 3.1636 3.17132 3.18491 3.20331 3.22618 3.25297 3.28302 3.31662 3.35364 3.39302 3.43413 3.47379 3.5076 3.53071 3.53673 3.52104 3.48042 3.41479 3.32656 3.22002 3.1008
0.456233 0.479722 0.504838 0.531667 0.560364 0.591083 0.623996 0.659291 0.697168 0.737846 0.781564 0.828572 0.879148 0.933577 0.992156 1.0552 1.12303 1.19593 1.2742 1.35809 1.44776 1.54334 1.64477 1.75186 1.86422 1.98122 2.10199 2.2254 2.35014 2.47476 2.59776 2.71765 2.83279 2.94117 3.0403 3.12645 3.19581 3.24569 3.27428 3.28439 3.27988 3.26724 3.25168 3.23762 3.22918 3.22682 3.23181 3.24431 3.26312 3.28812 3.31868 3.35363 3.39307 3.43648 3.4817 3.52844 3.57256 3.60899 3.63344 3.63869 3.62049 3.57589 3.50515 3.41131 3.29898 3.17436
