MatLab_Code/gobs.grd
DSAA
101 101
0 10000
0 10000
0.22528 7.51789
[rows 29 to 57 of 101, columns 0 to 65 of 101]
0.464581 0.488769 0.514652 0.542323 0.571949 0.603691 0.637734 0.674278 0.713534 0.75574 0.80115 0.850031 0.902682 0.959409 1.02053 1.08638 1.1573 1.23359 1.31558 1.40349 1.4975 1.59769 1.70396 1.81601 1.93336 2.05517 2.18037 2.30761 2.43536 2.56199 2.68598 2.80598 2.92074 3.02879 3.12794 3.21483 3.28513 3.33594 3.36421 3.37276 3.36554 3.3486 3.32826 3.30925 3.29589 3.28963 3.29197 3.3034 3.32341 3.35167 3.38751 3.4295 3.47686 3.52834 3.58115 3.63396 3.68213 3.72032 3.74375 3.74556 3.72177 3.66993 3.59103 3.48865 3.36809 3.23595
0.472754 0.497616 0.524252 0.552756 0.583294 0.616046 0.651205 0.688979 0.729599 0.773314 0.820395 0.871128 0.925831 0.984829 1.04846 1.11709 1.19107 1.27071 1.35636 1.44824 1.54651 1.65122 1.76219 1.87904 2.0011 2.1274 2.2566 2.3871 2.51712 2.64487 2.76885 2.8879 3.00123 3.10805 3.20663 3.29394 3.3654 3.41712 3.44611 3.45393 3.44459 3.42423 3.39947 3.37569 3.35735 3.34706 3.34674 3.35742 3.37935 3.41236 3.45545 3.50703 3.56512 3.62714 3.68992 3.75016 3.80289 3.84262 3.86368 3.86014 3.82831 3.76659 3.67677 3.56315 3.43184 3.28984
0.480691 0.506234 0.53361 0.562925 0.594362 0.628103 0.664354 0.703338 0.745295 0.790492 0.839215 0.891768 0.948486 1.00972 1.07582 1.14718 1.22415 1.30709 1.39633 1.49209 1.59452 1.70361 1.81913 1.94057 2.06712 2.19757 2.33036 2.4636 2.59527 2.7234 2.84652 2.96367 3.0747 3.17963 3.27702 3.36456 3.43688 3.48989 3.51908 3.52613 3.51476 3.49084 3.46165 3.43284 3.40953 3.39496 3.39189 3.40219 3.42675 3.46586 3.51843 3.58211 3.65382 3.72966 3.8048 3.87482 3.93377 3.9754 3.9942 3.9844 3.94306 3.86956 3.76662 3.63947 3.49507 3.34095
0.488403 0.514597 0.542694 0.572803 0.605115 0.639822 0.67714 0.717305 0.760569 0.807213 0.857539 0.911869 0.970556 1.03397 1.10248 1.1765 1.2564 1.34255 1.43528 1.53482 1.64127 1.75461 1.8745 2.00033 2.13112 2.26544 2.40147 2.53706 2.66991 2.7979 2.91963 3.03435 3.14254 3.24502 3.34063 3.42767 3.50012 3.55323 3.58211 3.58779 3.57387 3.5463 3.51251 3.47852 3.45003 3.431 3.42493 3.4351 3.46274 3.50907 3.57306 3.65134 3.73988 3.83256 3.92355 4.00601 4.07323 4.11859 4.13559 4.11956 4.0682 3.9817 3.86421 3.72187 3.56251 3.3945
0.49586 0.522679 0.551475 0.582356 0.615516 0.651161 0.689516 0.730826 0.775358 0.823407 0.875288 0.931342 0.991939 1.05746 1.12831 1.20491 1.28765 1.3769 1.47301 1.57619 1.68654 1.80395 1.92804 2.05807 2.19288 2.33084 2.46988 2.60757 2.74139 2.86908 2.98923 3.10148 3.20669 3.30626 3.39977 3.48512 3.55644 3.60824 3.63557 3.6389 3.6217 3.59017 3.55162 3.51243 3.47869 3.4552 3.44629 3.45615 3.48725 3.54142 3.61767 3.71231 3.81982 3.93228 4.04189 4.14009 4.21851 4.26974 4.28704 4.26586 4.2048 4.10526 3.97249 3.81397 3.63847 3.45532
0.503008 0.530454 0.559925 0.591547 0.625528 0.662077 0.70143 0.743847 0.789601 0.839002 0.892385 0.950097 1.01253 1.08009 1.15319 1.23226 1.31772 1.40996 1.50931 1.61599 1.73006 1.85139 1.9795 2.11355 2.25222 2.39368 2.53563 2.67536 2.81015 2.93756 3.05629 3.16594 3.26802 3.36457 3.45475 3.53778 3.60642 3.65595 3.67981 3.67964 3.65874 3.62267 3.5794 3.53503 3.49646 3.46856 3.45645 3.4665 3.50061 3.56258 3.6521 3.76377 3.89209 4.02647 4.15787 4.27457 4.36731 4.42782 4.44749 4.42312 4.35387 4.2415 4.09354 3.91848 3.72615 3.52711
0.509875 0.537898 0.568017 0.600353 0.635119 0.672537 0.712848 0.756323 0.803249 0.853947 0.908762 0.968064 1.03226 1.10176 1.177 1.25844 1.3465 1.44157 1.54401 1.65403 1.77166 1.89673 2.0287 2.16661 2.30902 2.45392 2.59877 2.74067 2.87666 3.00419 3.12185 3.22947 3.32857 3.42133 3.50754 3.58582 3.64977 3.6943 3.71385 3.70946 3.68444 3.64453 3.59715 3.54862 3.50575 3.47421 3.45982 3.46955 3.50688 3.57629 3.67801 3.80662 3.95579 4.11321 4.26776 4.40592 4.51606 4.58854 4.61413 4.58916 4.51343 4.38997 4.22761 4.03644 3.82757 3.6127
0.516411 0.544987 0.575724 0.608741 0.644256 0.682499 0.723724 0.768205 0.816245 0.868175 0.924351 0.985159 1.05102 1.12236 1.19963 1.2833 1.37382 1.47158 1.57695 1.69012 1.81113 1.93977 2.07544 2.2171 2.36319 2.51153 2.65942 2.80374 2.94133 3.06944 3.18655 3.2924 3.38844 3.47679 3.55758 3.62933 3.68656 3.72444 3.73839 3.72926 3.7003 3.65708 3.60651 3.55481 3.50875 3.47449 3.45845 3.46809 3.50856 3.58479 3.69766 3.84241 4.01168 4.19223 4.3708 4.53213 4.66226 4.74964 4.78428 4.76159 4.68181 4.54924 4.37393 4.16776 3.94326 3.71328
0.522571 0.551699 0.583023 0.61668 0.652906 0.69193 0.734015 0.77945 0.828538 0.881626 0.939086 1.00131 1.06873 1.1418 1.22097 1.30674 1.39956 1.49983 1.60795 1.7241 1.8483 1.98034 2.11956 2.26488 2.41462 2.5665 2.71765 2.86474 3.00443 3.13368 3.25076 3.35501 3.44781 3.53123 3.60499 3.669 3.71775 3.74805 3.75507 3.74087 3.70838 3.66233 3.6095 3.55548 3.50751 3.47128 3.45345 3.46415 3.50674 3.5888 3.71294 3.87206 4.06111 4.26414 4.4676 4.65267 4.80434 4.91031 4.9557 4.9381 4.85804 4.71744 4.53122 4.31204 4.07279 3.82888
0.528407 0.558015 0.589889 0.624154 0.661044 0.700802 0.743695 0.790019 0.840091 0.894262 0.952916 1.01646 1.08533 1.16 1.24094 1.32865 1.4236 1.52623 1.63689 1.75582 1.88303 2.01828 2.16092 2.30981 2.46322 2.61877 2.77344 2.92376 3.06611 3.19722 3.31486 3.41814 3.50776 3.58544 3.65156 3.70576 3.74471 3.76549 3.76571 3.74644 3.71056 3.66278 3.60868 3.55382 3.5047 3.46775 3.45011 3.46103 3.5068 3.59457 3.72722 3.89988 4.10596 4.32996 4.55617 4.76538 4.93957 5.06362 5.12367 5.11374 5.03416 4.89006 4.69522 4.46461 4.2136 3.95752
0.533846 0.563915 0.596304 0.631133 0.668643 0.709082 0.752726 0.799876 0.850856 0.90603 0.965785 1.03054 1.10075 1.17689 1.25946 1.34895 1.44585 1.55063 1.66364 1.78514 1.91516 2.05345 2.19938 2.35178 2.50889 2.66826 2.82679 2.98082 3.12647 3.26008 3.37895 3.48158 3.5681 3.63989 3.69759 3.74157 3.76998 3.78117 3.77392 3.74949 3.71056 3.66123 3.60644 3.5513 3.50195 3.46493 3.44765 3.45968 3.50828 3.6012 3.74204 3.92673 4.14857 4.3919 4.63985 4.8719 5.0682 5.21151 5.28654 5.28608 5.20987 5.06385 4.8628 4.6234 4.36244 4.09614
0.538854 0.569384 0.602249 0.637595 0.675679 0.716746 0.761078 0.808987 0.860799 0.916886 0.977649 1.04351 1.11493 1.19241 1.27643 1.36754 1.46621 1.57293 1.68809 1.81195 1.94455 2.08572 2.23478 2.39063 2.55148 2.71488 2.87762 3.03586 3.1855 3.32239 3.44319 3.54574 3.62945 3.69545 3.74431 3.778 3.79566 3.79695 3.78226 3.75267 3.71061 3.66013 3.60496 3.54982 3.50099 3.46433 3.44716 3.46141 3.51219 3.6096 3.75919 3.95414 4.19113 4.45215 4.72068 4.97373 5.19062 5.35412 5.44311 5.45275 5.38351 5.23538 5.03044 4.78505 4.51529 4.24067
0.543514 0.574407 0.607707 0.643533 0.682136 0.723776 0.768737 0.817331 0.869897 0.926811 0.988475 1.05533 1.12784 1.2065 1.29183 1.38437 1.48462 1.59307 1.71015 1.83614 1.97114 2.11495 2.26701 2.42622 2.59085 2.75844 2.92572 3.08875 3.24306 3.38407 3.50773 3.61109 3.69275 3.75333 3.79412 3.81731 3.82429 3.81595 3.79362 3.7588 3.71384 3.6619 3.60651 3.55196 3.50369 3.46816 3.45304 3.46863 3.52327 3.62597 3.78176 3.98728 4.23653 4.51315 4.79892 5.07108 5.30685 5.48598 5.59018 5.61011 5.54452 5.39969 5.19262 4.94202 4.66712 4.38557
0.547719 0.578971 0.612665 0.648922 0.687996 0.73015 0.775673 0.824882 0.878119 0.935765 0.99823 1.06595 1.13942 1.21912 1.30559 1.39937 1.501 1.61097 1.72974 1.85762 1.99477 2.14104 2.29593 2.45841 2.62683 2.79877 2.97096 3.1393 3.29905 3.44511 3.57263 3.67776 3.75825 3.8143 3.84743 3.86095 3.85772 3.83997 3.81017 3.77005 3.72185 3.66841 3.61269 3.55862 3.51135 3.47719 3.46383 3.48201 3.54015 3.64794 3.81105 4.026 4.28731 4.57812 4.87962 5.16815 5.41995 5.61376 5.72999 5.75891 5.69894 5.55603 5.34793 5.09407 4.81432 4.52694
0.551471 0.583068 0.617115 0.653751 0.693245 0.735854 0.781871 0.831623 0.885446 0.94373 1.00689 1.07536 1.14964 1.23024 1.31767 1.41252 1.51531 1.62657 1.74679 1.87632 2.01536 2.16386 2.32138 2.48703 2.65923 2.83566 3.01308 3.18727 3.35326 3.5054 3.63794 3.74622 3.82678 3.87945 3.90584 3.91057 3.89787 3.87071 3.83399 3.78853 3.73668 3.6818 3.62562 3.57192 3.52602 3.49354 3.48191 3.50383 3.5655 3.67845 3.84994 4.07349 4.34664 4.65017 4.96556 5.2675 5.53196 5.73824 5.86315 5.89893 5.84471 5.70228 5.4937 5.23784 4.95346 4.66086
0.55484 0.586686 0.621043 0.658019 0.697876 0.740883 0.787332 0.837546 0.891875 0.950703 1.01445 1.08355 1.15852 1.23984 1.32808 1.42378 1.52752 1.63985 1.76127 1.89218 2.03286 2.18333 2.34327 2.51191 2.68783 2.86881 3.05171 3.23229 3.40528 3.56453 3.70351 3.81639 3.89882 3.94979 3.97138 3.9685 3.94714 3.91204 3.86784 3.81697 3.76177 3.7047 3.648 3.59504 3.55055 3.52057 3.5128 3.53806 3.60551 3.72518 3.90312 4.13642 4.41888 4.73304 5.05874 5.37103 5.64478 5.85744 5.98927 6.02958 5.97651 5.83666 5.62753 5.36901 5.08175 4.78411
0.557728 0.589824 0.624448 0.661712 0.701881 0.745224 0.792037 0.842642 0.897388 0.956664 1.02089 1.0905 1.16601 1.24791 1.33677 1.43315 1.53762 1.65076 1.77313 1.90515 2.04719 2.19935 2.36146 2.53289 2.71241 2.89798 3.08658 3.274 3.45478 3.6223 3.76916 3.88848 3.97469 4.02604 4.04447 4.03579 4.00727 3.96462 3.91404 3.85807 3.79922 3.74035 3.68318 3.63099 3.58859 3.56152 3.55744 3.5879 3.66089 3.78739 3.97387 4.21568 4.50769 4.83087 5.1647 5.48355 5.7622 5.97854 6.11233 6.15365 6.10128 5.96078 5.75028 5.48941 5.1983 4.89559
0.560159 0.592477 0.627327 0.664828 0.705259 0.748879 0.795987 0.84691 0.90199 0.961618 1.02621 1.09622 1.17213 1.25446 1.34375 1.44061 1.5456 1.65932 1.78236 1.91521 2.05829 2.21185 2.37583 2.5498 2.73274 2.92284 3.11727 3.31188 3.50117 3.67809 3.83434 3.9622 4.05452 4.10875 4.1266 4.11439 4.0807 4.03155 3.97591 3.91551 3.85299 3.79309 3.73578 3.68443 3.64528 3.62187 3.6221 3.65942 3.73868 3.87265 4.06833 4.31782 4.61813 4.94776 5.28625 5.6073 5.88603 6.1015 6.23254 6.27131 6.2171 6.07377 5.8609 5.59728 5.30187 4.99402
0.562187 0.594641 0.629673 0.667374 0.70801 0.751851 0.799193 0.850356 0.905691 0.965581 1.03044 1.10071 1.17689 1.2595 1.34907 1.4462 1.55148 1.66554 1.78897 1.92236 2.06618 2.22079 2.38631 2.56251 2.7486 2.94306 3.1433 3.34537 3.54367 3.73088 3.8981 4.03631 4.13749 4.19783 4.21867 4.20625 4.16993 4.11785 4.05784 3.99419 3.93011 3.86898 3.81249 3.76386 3.728 3.70991 3.71734 3.76105 3.84918 3.99185 4.19403 4.45128 4.75572 5.08772 5.42557 5.74367 6.01736 6.22532 6.34999 6.38244 6.32185 6.17509 5.95854 5.69089 5.3917 5.07863
0.563723 0.596321 0.631496 0.669343 0.710136 0.75414 0.801649 0.852987 0.908492 0.96855 1.03357 1.104 1.18032 1.26304 1.35271 1.44993 1.55529 1.66942 1.79299 1.92659 2.07081 2.22612 2.3928 2.57086 2.75978 2.95834 3.16428 3.37387 3.58162 3.78 3.95945 4.11021 4.22281 4.29239 4.31968 4.31066 4.27556 4.2225 4.16167 4.09715 4.03237 3.97261 3.91835 3.87296 3.8428 3.83095 3.84535 3.89829 3.9943 4.145 4.35508 4.61645 4.92321 5.25342 5.58597 5.89532 6.15785 6.35422 6.46679 6.48861 6.41993 6.26613 6.0443 5.77224 5.46813 5.14987
0.564821 0.597519 0.632795 0.670745 0.711646 0.755758 0.803375 0.854815 0.910415 0.970556 1.03564 1.10611 1.18244 1.26513 1.35474 1.45185 1.55706 1.67104 1.79444 1.92794 2.07221 2.22783 2.39526 2.57474 2.76607 2.96836 3.17972 3.39673 3.61406 3.82408 4.01675 4.18169 4.30823 4.39043 4.42838 4.42725 4.39764 4.34806 4.2898 4.2275 4.16495 4.10882 4.05901 4.01907 3.99636 3.99266 4.01608 4.07887 4.18381 4.34218 4.55717 4.81982 5.12336 5.44583 5.76657 6.06071 6.30615 6.48501 6.58096 6.58839 6.50815 6.34549 6.11701 5.83971 5.53065 5.2074
0.565507 0.598235 0.633573 0.671589 0.71255 0.756719 0.804386 0.855863 0.911486 0.971627 1.03668 1.10708 1.1833 1.26583 1.35521 1.45202 1.55688 1.67045 1.79341 1.92649 2.07044 2.22594 2.39367 2.57408 2.7673 2.97284 3.18918 3.41329 3.64001 3.8617 4.06814 4.24811 4.39049 4.48831 4.54067 4.55218 4.53273 4.49216 4.44036 4.38418 4.32856 4.27834 4.23606 4.20533 4.19124 4.19824 4.2333 4.30529 4.42005 4.58466 4.80032 5.06038 5.35431 5.66253 5.96444 6.23711 6.45972 6.61529 6.69073 6.68037 6.5853 6.41239 6.1761 5.89268 5.5791 5.25127
0.565704 0.598482 0.633846 0.671879 0.712856 0.757032 0.804691 0.856147 0.911721 0.971782 1.03672 1.10695 1.18294 1.26517 1.35417 1.45051 1.55481 1.66773 1.78998 1.92231 2.06554 2.22051 2.38802 2.56881 2.76334 2.97151 3.19229 3.42299 3.65876 3.892 4.11211 4.30779 4.46698 4.58208 4.65176 4.67919 4.67429 4.64631 4.60604 4.56042 4.51464 4.47505 4.44356 4.4239 4.42236 4.44162 4.48838 4.57192 4.69453 4.86325 5.07806 5.3302 5.61022 5.89839 6.17627 6.42157 6.61596 6.74501 6.79547 6.76419 6.65314 6.46743 6.22234 5.93295 5.61427 5.28251
0.565499 0.598261 0.633616 0.671633 0.712583 0.756719 0.804322 0.855696 0.911159 0.97107 1.03581 1.10578 1.18143 1.26324 1.35171 1.44742 1.55096 1.663 1.78425 1.91552 2.05767 2.21162 2.37838 2.55894 2.75408 2.96418 3.18866 3.42527 3.66939 3.91341 4.14661 4.35728 4.53326 4.66651 4.75499 4.80128 4.81424 4.80337 4.77845 4.74746 4.7164 4.69057 4.67355 4.66918 4.68193 4.71607 4.77703 4.87098 5.00172 5.17253 5.38168 5.62216 5.88242 6.14531 6.39358 6.60716 6.76962 6.8679 6.89139 6.8372 6.70775 6.50901 6.25457 5.95877 5.63597 5.30098
0.564881 0.597582 0.632893 0.670861 0.711745 0.7558 0.803301 0.854541 0.909835 0.969531 1.034 1.10362 1.17884 1.26011 1.34793 1.44285 1.54545 1.65639 1.7764 1.90628 2.04696 2.19944 2.36488 2.5445 2.73948 2.95066 3.17799 3.41968 3.67125 3.92497 4.17003 4.39432 4.58586 4.73654 4.84369 4.90968 4.9423 4.95075 4.94435 4.93134 4.9181 4.90988 4.91062 4.92415 4.95429 5.0051 5.08094 5.18611 5.3236 5.49462 5.69622 5.92139 6.15887 6.3932 6.60847 6.78755 6.91552 6.98105 6.97592 6.89766 6.74909 6.53677 6.27294 5.97099 5.64472 5.30743
0.563788 0.596459 0.631697 0.669573 0.710358 0.754292 0.801644 0.852709 0.907781 0.967202 1.03133 1.10053 1.17523 1.25587 1.34291 1.43691 1.53841 1.64806 1.76659 1.8948 2.03365 2.1842 2.34773 2.5257 2.7196 2.93087 3.16005 3.40582 3.66378 3.92594 4.18096 4.41699 4.62187 4.7877 4.91237 4.99699 5.04928 5.07811 5.09178 5.09902 5.10643 5.11837 5.13975 5.17403 5.22363 5.29293 5.38473 5.5013 5.64514 5.81526 6.00761 6.21613 6.42897 6.63273 6.81431 6.95705 7.04939 7.08233 7.04739 6.94471 6.77764 6.55115 6.27823 5.97109 5.64151 5.30301
0.562342 0.594895 0.630031 0.667794 0.708445 0.752224 0.799395 0.850239 0.905048 0.964147 1.02788 1.09659 1.1707 1.25062 1.33679 1.42974 1.53 1.63819 1.75504 1.88133 2.01802 2.16622 2.32727 2.50283 2.69468 2.90486 3.13467 3.38336 3.64638 3.91501 4.17756 4.42203 4.63698 4.81509 4.95408 5.05557 5.12633 5.17479 5.20915 5.23771 5.26687 5.30138 5.34545 5.40223 5.47363 5.5628 5.67144 5.80012 5.95014 6.11894 6.3018 6.49273 6.68085 6.8543 7.00134 7.10871 7.1661 7.16585 7.10267 6.97628 6.79039 6.55129 6.2699 5.95779 5.62655 5.28776
0.560485 0.592905 0.627911 0.665534 0.706023 0.749618 0.796577 0.847168 0.901674 0.960412 1.0237 1.09188 1.16534 1.24446 1.32968 1.42148 1.52039 1.62699 1.74198 1.86615 2.00043 2.14594 2.30405 2.47649 2.6653 2.87311 3.10211 3.3523 3.61861 3.89117 4.15787 4.40696 4.6279 4.81415 4.96391 5.07897 5.16572 5.23237 5.28666 5.33654 5.38818 5.44641 5.51461 5.5955 5.69031 5.80075 5.92721 6.06906 6.22557 6.3936 6.56781 6.74179 6.90626 7.05065 7.1648 7.23817 7.26206 7.23062 7.14032 6.99154 6.78847 6.53746 6.24864 5.93276 5.60061 5.26258
0.558173 0.590502 0.625355 0.662804 0.70311 0.746495 0.79321 0.843527 0.897704 0.956045 1.01886 1.08647 1.15922 1.2375 1.3217 1.41228 1.50974 1.61465 1.72768 1.84958 1.98131 2.12392 2.27881 2.44774 2.63276 2.83712 3.06354 3.31358 3.58063 3.85363 4.11994 4.36926 4.59132 4.78084 4.93743 5.06189 5.16152 5.24423 5.31653 5.38701 5.46157 5.54347 5.63689 5.74355 5.86272 5.99599 6.14198 6.2976 6.46231 6.63084 6.79724 6.9567 7.09917 7.21637 7.30077 7.34204 7.33479 7.27515 7.15934 6.99013 6.77194 6.51001 6.21502 5.89673 5.5643 5.22816
