MatLab_Code/gobs.grd
DSAA
101 101
0 10000
0 10000
0.22528 7.51789
[rows 58 to 86 of 101, columns 0 to 65 of 101]
0.555564 0.587687 0.622367 0.659633 0.699732 0.742888 0.789348 0.839363 0.893193 0.951124 1.01344 1.08045 1.15247 1.22987 1.313 1.4023 1.49824 1.60138 1.71235 1.8319 1.96097 2.10062 2.25224 2.41756 2.59882 2.79944 3.02257 3.26941 3.53268 3.80072 4.06148 4.30507 4.52302 4.71105 4.86907 4.9993 5.10841 5.20395 5.29287 5.38273 5.47893 5.58527 5.70427 5.83712 5.98247 6.13981 6.30632 6.47798 6.65206 6.82282 6.98407 7.13052 7.25411 7.34738 7.40405 7.41719 7.38205 7.29608 7.15837 6.9711 6.73905 6.46866 6.16881 5.84884 5.5178 5.18439
0.552542 0.584481 0.618966 0.656027 0.695902 0.738814 0.785003 0.834709 0.888179 0.945688 1.0075 1.07389 1.14517 1.22166 1.30369 1.39168 1.48606 1.58735 1.69621 1.81337 1.93975 2.07647 2.22492 2.38693 2.5648 2.76181 2.98055 3.22092 3.47536 3.73269 3.98185 4.21402 4.42206 4.6029 4.75759 4.88891 5.0036 5.10924 5.21235 5.32006 5.43726 5.56765 5.71259 5.87254 6.04516 6.22802 6.41702 6.60657 6.79198 6.96721 7.1257 7.26191 7.36934 7.44184 7.47448 7.46251 7.4028 7.29419 7.13706 6.9343 6.69101 6.41356 6.11044 5.79025 5.46134 5.13166
0.549089 0.580886 0.615166 0.651996 0.69164 0.734297 0.7802 0.829599 0.882708 0.93979 1.0011 1.06688 1.13741 1.21299 1.2939 1.38054 1.47332 1.57273 1.67942 1.79412 1.91779 2.05157 2.19693 2.35572 2.53029 2.72324 2.93595 3.1665 3.40755 3.64915 3.88123 4.09661 4.28914 4.45716 4.60395 4.7314 4.84773 4.96074 5.07483 5.19847 5.33614 5.48917 5.66032 5.84833 6.04898 6.25918 6.47273 6.68159 6.88105 7.06304 7.22069 7.35004 7.44402 7.49866 7.51124 7.47731 7.39641 7.26887 7.09504 6.87949 6.62751 6.34471 6.03987 5.72084 5.39496 5.06993
0.54539 0.576915 0.610965 0.64757 0.686963 0.729359 0.774985 0.824066 0.876824 0.933499 0.994314 1.05949 1.12929 1.20395 1.28374 1.36902 1.46014 1.55761 1.66205 1.77421 1.89506 2.0258 2.16793 2.32326 2.49386 2.68143 2.88592 3.10395 3.32842 3.5503 3.76091 3.95395 4.12566 4.27614 4.40909 4.52908 4.64338 4.75939 4.88286 5.02023 5.17572 5.35154 5.54848 5.7645 5.99452 6.23334 6.47277 6.70354 6.91869 7.10965 7.26944 7.39379 7.47766 7.51789 7.51291 7.46115 7.3626 7.21869 7.03188 6.80626 6.54739 6.26169 5.95662 5.63978 5.31829 4.99869
0.541272 0.572575 0.606382 0.64274 0.681879 0.724011 0.769357 0.818136 0.870554 0.926839 0.98719 1.0518 1.12088 1.19465 1.27331 1.35719 1.44662 1.54206 1.64414 1.75362 1.87145 1.99889 2.13738 2.28858 2.45409 2.63462 2.82887 3.03244 3.23815 3.43759 3.62317 3.79029 3.93713 4.06576 4.18158 4.29 4.39867 4.51503 4.64435 4.79294 4.96472 5.16144 5.38333 5.62742 5.88736 6.1557 6.42259 6.67679 6.90923 7.11088 7.27463 7.39621 7.47207 7.50054 7.48128 7.41442 7.30141 7.14464 6.94739 6.71436 6.45121 6.16422 5.8606 5.54738 5.23112 4.91787
0.536769 0.567862 0.601421 0.637514 0.6764 0.718265 0.76333 0.811827 0.863927 0.919844 0.97977 1.04383 1.11224 1.18513 1.26266 1.34512 1.4328 1.52609 1.62566 1.73221 1.84673 1.97046 2.10473 2.25091 2.41017 2.58219 2.76467 2.95225 3.13769 3.31283 3.47102 3.60986 3.72926 3.8334 3.92994 4.02409 4.12445 4.23896 4.3708 4.5278 4.71397 4.92874 5.17413 5.44601 5.73485 6.03337 6.3286 6.60611 6.85726 7.0705 7.23873 7.35945 7.4289 7.44755 7.41681 7.33757 7.21297 7.04637 6.84144 6.60352 6.33834 6.05197 5.75137 5.44309 5.13309 4.82703
0.532005 0.562793 0.596078 0.631914 0.670526 0.712127 0.756934 0.805148 0.856958 0.912554 0.972078 1.03565 1.10341 1.17544 1.25186 1.33286 1.41867 1.50969 1.60651 1.70985 1.82068 1.94017 2.06956 2.20992 2.36179 2.52414 2.69368 2.86439 3.02855 3.17832 3.30835 3.41758 3.50869 3.588 3.66361 3.74301 3.83385 3.94315 4.07626 4.2389 4.43506 4.66681 4.93327 5.23011 5.5478 5.87519 6.19733 6.4987 6.76739 6.99193 7.16535 7.28504 7.3495 7.36011 7.31956 7.2307 7.09721 6.92328 6.71353 6.47317 6.20809 5.92433 5.62832 5.32623 5.02369 4.72569
0.526833 0.557361 0.590359 0.625913 0.664252 0.705586 0.750131 0.798089 0.849634 0.904936 0.964115 1.02724 1.09439 1.1656 1.24087 1.32034 1.40419 1.49272 1.58653 1.6863 1.79299 1.90771 2.03153 2.16527 2.30896 2.46091 2.61709 2.77071 2.9138 3.03871 3.14111 3.22192 3.286 3.34166 3.39803 3.46305 3.54411 3.64788 3.77961 3.94524 4.14917 4.39373 4.6783 4.99774 5.34107 5.69478 6.04179 6.36411 6.64829 6.88218 7.05921 7.17743 7.2367 7.24011 7.19144 7.09472 6.95468 6.77606 6.5638 6.32336 6.06055 5.78118 5.49138 5.19686 4.90279 4.61378
0.521308 0.551556 0.584259 0.619511 0.657573 0.698635 0.742917 0.79064 0.841938 0.896976 0.955857 1.01857 1.08515 1.15553 1.22962 1.30749 1.38919 1.47499 1.56547 1.66129 1.76336 1.87279 1.99049 2.11704 2.25207 2.3934 2.53644 2.67371 2.79714 2.89902 2.97622 3.03134 3.07144 3.10687 3.14627 3.19924 3.27177 3.36923 3.49896 3.66545 3.87343 4.12821 4.42685 4.76512 5.12972 5.50546 5.87298 6.21088 6.5066 6.7462 6.92354 7.03883 7.09223 7.08856 7.033 6.93017 6.78567 6.60468 6.39225 6.154 5.89553 5.6224 5.34038 5.05477 4.7703 4.49121
0.515495 0.545394 0.577768 0.612717 0.650471 0.691253 0.735284 0.782757 0.833832 0.888644 0.947237 1.00958 1.07561 1.14515 1.21802 1.29413 1.37348 1.45628 1.54305 1.6345 1.73156 1.83525 1.94644 2.06551 2.1918 2.32283 2.45361 2.57648 2.68289 2.76552 2.82219 2.85672 2.87822 2.8981 2.92532 2.96905 3.03487 3.12764 3.25432 3.42009 3.63037 3.89078 4.19902 4.54992 4.92977 5.32018 5.69984 6.04743 6.34746 6.58719 6.76157 6.87073 6.91722 6.90668 6.84482 6.73759 6.59066 6.40941 6.19917 5.96527 5.71314 5.44808 5.17541 4.90004 4.62634 4.35811
0.509277 0.538855 0.570877 0.605484 0.642918 0.683397 0.727151 0.774381 0.825229 0.879811 0.938145 1.00012 1.06558 1.13424 1.20576 1.27995 1.35668 1.43612 1.51882 1.60554 1.69725 1.79498 1.89951 2.01115 2.12911 2.25082 2.37124 2.48256 2.57631 2.64506 2.68758 2.70811 2.71748 2.7281 2.74723 2.786 2.84794 2.93646 3.06131 3.22564 3.435 3.69882 4.01141 4.36877 4.75578 5.15181 5.53476 5.88157 6.17781 6.41066 6.57626 6.67631 6.714 6.69591 6.62875 6.51841 6.37086 6.19158 5.9856 5.75813 5.5143 5.259 4.9972 4.73339 4.47151 4.21506
0.502723 0.53193 0.563578 0.597811 0.634896 0.675044 0.718491 0.765459 0.816058 0.870395 0.928459 0.990036 1.05489 1.12258 1.19259 1.2646 1.33837 1.4141 1.49237 1.57408 1.66029 1.75204 1.8501 1.95472 2.06512 2.17888 2.29122 2.39462 2.48084 2.54241 2.57866 2.59315 2.59799 2.60609 2.62206 2.66004 2.72113 2.80688 2.93119 3.09392 3.30025 3.56449 3.87574 4.23156 4.6159 5.00619 5.38065 5.7155 5.99827 6.21682 6.36821 6.45587 6.48322 6.45766 6.38599 6.2741 6.12789 5.95258 5.75296 5.53391 5.30017 5.05627 4.80675 4.55568 4.30667 4.06286
0.495849 0.52463 0.555857 0.589688 0.626369 0.666146 0.709254 0.755896 0.806215 0.860273 0.917999 0.979133 1.04328 1.10984 1.17815 1.24767 1.31812 1.38975 1.4633 1.53988 1.62066 1.70672 1.79878 1.89709 2.00098 2.10835 2.21504 2.31438 2.39851 2.46055 2.49881 2.51733 2.52629 2.53748 2.55836 2.59809 2.66047 2.74899 2.87152 3.03259 3.23794 3.49471 3.79849 4.14311 4.51175 4.8834 5.23561 5.54791 5.80734 6.00434 6.13758 6.20991 6.22631 6.19381 6.11871 6.00701 5.86408 5.69469 5.50339 5.29457 5.07255 4.84152 4.60552 4.36827 4.13303 3.90263
0.488571 0.516932 0.547696 0.581063 0.617301 0.656641 0.699335 0.745601 0.795551 0.84924 0.906557 0.967125 1.03043 1.0957 1.16203 1.22875 1.29553 1.36277 1.43145 1.50296 1.57865 1.65957 1.74636 1.83922 1.93765 2.04012 2.14329 2.24157 2.32816 2.39622 2.44395 2.47298 2.49288 2.51466 2.54257 2.58954 2.65698 2.7467 2.87137 3.03083 3.22952 3.47893 3.76796 4.09251 4.43545 4.77669 5.09648 5.37507 5.60385 5.77401 5.88492 5.94104 5.94625 5.90739 5.83055 5.7207 5.58283 5.42128 5.23995 5.04291 4.83404 4.61702 4.39558 4.17302 3.95226 3.73588
0.480975 0.508837 0.539098 0.571952 0.607678 0.646512 0.688714 0.734509 0.783993 0.837201 0.893977 0.953837 1.01614 1.07989 1.14402 1.20767 1.27053 1.33323 1.39707 1.46382 1.53494 1.61143 1.6937 1.7819 1.87573 1.97421 2.07506 2.17409 2.26581 2.34422 2.40633 2.45298 2.49032 2.52705 2.56909 2.62538 2.69961 2.79537 2.92024 3.07705 3.26977 3.50292 3.77027 4.06511 4.37086 4.67158 4.94926 5.18828 5.38144 5.52204 5.61043 5.65036 5.64565 5.60232 5.52537 5.41929 5.28827 5.13607 4.96619 4.78218 4.58747 4.38541 4.17925 3.97198 3.76622 3.56427
0.473042 0.500359 0.530054 0.562337 0.597467 0.635715 0.677329 0.722525 0.771427 0.824016 0.880076 0.939075 1.00018 1.06224 1.12398 1.18444 1.24336 1.30162 1.36098 1.42346 1.49063 1.56332 1.64169 1.72574 1.81534 1.91008 2.00871 2.10856 2.20556 2.29485 2.37286 2.43909 2.49676 2.5519 2.61041 2.67874 2.76161 2.8632 2.98838 3.14072 3.32301 3.53608 3.77551 4.03356 4.29664 4.55131 4.78315 4.9806 5.13734 5.24911 5.31631 5.3419 5.32946 5.28362 5.20848 5.10784 4.98514 4.84356 4.68617 4.51603 4.33619 4.1496 3.95915 3.76748 3.57696 3.38965
0.464724 0.491483 0.520556 0.552183 0.586654 0.624206 0.665108 0.709595 0.757741 0.809535 0.864732 0.922661 0.98243 1.0427 1.10205 1.15943 1.21467 1.2689 1.32428 1.38305 1.44672 1.51612 1.59088 1.67092 1.75618 1.84675 1.94232 2.04151 2.14189 2.23975 2.33146 2.41563 2.49287 2.56674 2.64204 2.72328 2.81505 2.92177 3.04611 3.19167 3.36043 3.55007 3.75817 3.97781 4.19572 4.40458 4.59235 4.74932 4.87296 4.95885 5.00746 5.02177 5.00382 4.95743 4.88591 4.792 4.67865 4.54854 4.4042 4.24836 4.08367 3.91269 3.73802 3.56198 3.38667 3.21395
0.456131 0.482235 0.51063 0.541544 0.575251 0.612014 0.652089 0.695709 0.742956 0.793785 0.847915 0.904632 0.962927 1.02136 1.07843 1.13305 1.18513 1.23603 1.2881 1.3437 1.40432 1.47043 1.5415 1.61725 1.69766 1.78315 1.87408 1.97026 2.07056 2.17258 2.27327 2.37048 2.46322 2.55283 2.64251 2.73506 2.83434 2.9441 3.06594 3.20266 3.35515 3.52076 3.69735 3.87874 4.05626 4.22334 4.3717 4.49502 4.59035 4.65519 4.68978 4.69577 4.675 4.63007 4.56338 4.47722 4.37385 4.25551 4.12441 3.98287 3.83319 3.67765 3.51849 3.35779 3.19742 3.03902
0.447223 0.472634 0.500286 0.530408 0.563262 0.599126 0.638249 0.680852 0.727033 0.776724 0.829612 0.884974 0.941724 0.998383 1.0534 1.10571 1.1553 1.20359 1.25299 1.30585 1.36351 1.42622 1.49329 1.56427 1.63915 1.71852 1.80319 1.89379 1.99027 2.09152 2.19534 2.29928 2.40148 2.50165 2.60109 2.70157 2.8056 2.91577 3.03342 3.16009 3.29603 3.43918 3.58729 3.73588 3.87893 4.01156 4.12814 4.22424 4.29759 4.34643 4.3707 4.37141 4.3498 4.30762 4.24663 4.1686 4.07533 3.96869 3.85057 3.72294 3.58782 3.44719 3.30301 3.15711 3.01115 2.86661
0.437983 0.462688 0.48954 0.518782 0.550714 0.585561 0.623591 0.665052 0.709984 0.758356 0.809872 0.863732 0.918918 0.973921 1.02719 1.07768 1.12537 1.17167 1.21891 1.26928 1.32394 1.38307 1.44575 1.51146 1.58019 1.65259 1.72967 1.81263 1.90214 1.99831 2.09992 2.20471 2.31033 2.41528 2.51969 2.62377 2.72914 2.83776 2.94936 3.06572 3.18692 3.30992 3.43439 3.55681 3.67219 3.77821 3.87057 3.9459 4.00303 4.04024 4.05737 4.05509 4.034 3.99532 3.94037 3.87043 3.78699 3.69161 3.58585 3.47145 3.35015 3.22365 3.09368 2.96184 2.82959 2.69824
0.428557 0.452451 0.478445 0.506763 0.537662 0.571403 0.608236 0.648388 0.691946 0.738856 0.78882 0.841115 0.894696 0.94812 0.999875 1.04894 1.09525 1.14009 1.18553 1.23357 1.28522 1.34041 1.39833 1.45839 1.5206 1.58559 1.65444 1.72851 1.80906 1.89704 1.99237 2.09331 2.19742 2.30237 2.40695 2.5109 2.61464 2.71897 2.82419 2.93069 3.03819 3.14541 3.25104 3.35277 3.44785 3.53386 3.60819 3.66868 3.71394 3.74301 3.75554 3.75172 3.73201 3.69717 3.64813 3.58593 3.51175 3.42688 3.33268 3.23062 3.12219 3.00888 2.89218 2.7735 2.65412 2.53522
0.418882 0.441947 0.467035 0.494352 0.524149 0.556684 0.592204 0.630928 0.67296 0.718259 0.766554 0.817177 0.869141 0.921076 0.971522 1.01946 1.06472 1.10839 1.15223 1.198 1.24653 1.29763 1.35059 1.40483 1.46043 1.518 1.57861 1.64361 1.71444 1.79265 1.87926 1.97329 2.07262 2.17416 2.27585 2.37671 2.47653 2.57547 2.6736 2.77092 2.86707 2.96116 3.05208 3.1383 3.21791 3.28919 3.35035 3.39985 3.43663 3.45991 3.46933 3.46491 3.44691 3.41583 3.37235 3.31729 3.25162 3.17639 3.09278 3.00203 2.90542 2.80425 2.6998 2.59329 2.48586 2.37854
0.408971 0.431218 0.455352 0.481599 0.510241 0.541479 0.575572 0.612768 0.653129 0.696672 0.743194 0.792026 0.84234 0.892834 0.942091 0.989099 1.0335 1.07621 1.11852 1.16203 1.20738 1.2543 1.30223 1.35066 1.39989 1.45043 1.50335 1.55996 1.62147 1.68959 1.76668 1.85196 1.94473 2.04082 2.13754 2.23342 2.32779 2.42045 2.51127 2.60007 2.6865 2.76977 2.84911 2.92339 2.99125 3.0515 3.10286 3.1442 3.17473 3.19381 3.20112 3.19659 3.18036 3.15278 3.11436 3.06575 3.00774 2.94122 2.86718 2.78667 2.7008 2.61067 2.5174 2.42204 2.32558 2.22894
0.399006 0.420323 0.443469 0.468627 0.496028 0.525911 0.558511 0.594047 0.632648 0.674327 0.71891 0.765883 0.814448 0.863436 0.911513 0.957623 1.00128 1.04303 1.08393 1.12519 1.16731 1.21009 1.25308 1.29604 1.33931 1.38358 1.42986 1.47922 1.53286 1.59235 1.65995 1.73635 1.82114 1.91032 2.00071 2.09031 2.17823 2.26405 2.34753 2.42836 2.50616 2.58036 2.65026 2.71504 2.77375 2.82547 2.86929 2.9044 2.93016 2.94608 2.95189 2.94748 2.93294 2.90852 2.87461 2.83174 2.78056 2.72181 2.65633 2.58501 2.50879 2.42863 2.34547 2.26023 2.17379 2.08692
0.388892 0.409295 0.431429 0.455449 0.48158 0.510043 0.541066 0.574873 0.611591 0.651276 0.693814 0.738767 0.78547 0.832868 0.879704 0.924904 0.967787 1.00863 1.04809 1.08709 1.12604 1.16476 1.20307 1.24094 1.27895 1.31783 1.35858 1.40217 1.44956 1.50206 1.56184 1.62983 1.70637 1.78772 1.87072 1.95316 2.03397 2.11264 2.1888 2.26209 2.33212 2.3984 2.46034 2.5173 2.56858 2.61348 2.65131 2.68148 2.70348 2.71694 2.72163 2.71746 2.70447 2.68286 2.65294 2.61513 2.56999 2.51813 2.46024 2.39711 2.32951 2.25827 2.18421 2.10811 2.03072 1.95275
0.378688 0.3982 0.419297 0.442148 0.466983 0.493981 0.523367 0.55538 0.590122 0.627695 0.668062 0.710828 0.755501 0.801144 0.84658 0.890748 0.932747 0.972713 1.01061 1.04738 1.08331 1.11814 1.15217 1.1855 1.21908 1.25354 1.28991 1.32913 1.37188 1.41925 1.47298 1.53372 1.60213 1.67516 1.7501 1.82479 1.89815 1.96955 2.03849 2.10462 2.16752 2.22673 2.28176 2.33208 2.37714 2.4164 2.44932 2.47546 2.49442 2.50592 2.50975 2.50586 2.49427 2.47514 2.44872 2.41537 2.37554 2.32975 2.27859 2.2227 2.16277 2.09949 2.03356 1.96565 1.89644 1.8265
0.368541 0.387088 0.407149 0.428838 0.452343 0.477862 0.505593 0.53574 0.568455 0.603837 0.64187 0.682314 0.724729 0.768335 0.812081 0.854908 0.895832 0.934563 0.971022 1.00563 1.03862 1.0701 1.10043 1.1301 1.16005 1.1911 1.22417 1.26003 1.29933 1.34294 1.39185 1.44672 1.50745 1.57223 1.63896 1.70583 1.77173 1.83595 1.89796 1.95734 2.01366 2.0665 2.11543 2.15998 2.19972 2.2342 2.26302 2.2858 2.30225 2.31213 2.3153 2.31171 2.30137 2.28443 2.26109 2.23165 2.19648 2.15603 2.11079 2.06131 2.00817 1.95196 1.89327 1.8327 1.77081 1.70812
0.358375 0.376002 0.39503 0.415547 0.437736 0.461761 0.487811 0.516084 0.546709 0.57981 0.61542 0.653342 0.693276 0.734571 0.776298 0.817469 0.856987 0.894411 0.929232 0.961759 0.992197 1.02073 1.04806 1.07481 1.10207 1.13057 1.16116 1.1945 1.23106 1.27149 1.31635 1.36594 1.42002 1.47733 1.53642 1.59583 1.65459 1.712 1.76746 1.82055 1.87084 1.91792 1.9614 2.00089 2.036 2.06638 2.09168 2.11162 2.12596 2.13451 2.13716 2.13387 2.12466 2.10965 2.08901 2.063 2.03192 1.99616 1.95613 1.9123 1.86516 1.81522 1.76297 1.70893 1.65359 1.59741
0.348269 0.365007 0.383008 0.402365 0.423249 0.445795 0.470173 0.49657 0.525094 0.555874 0.588978 0.624241 0.661472 0.700154 0.739467 0.778549 0.816266 0.852098 0.885175 0.915774 0.944064 0.970302 0.995425 1.02011 1.04552 1.0722 1.10092 1.13224 1.16644 1.20401 1.24518 1.29006 1.3383 1.38904 1.44129 1.49392 1.54611 1.59721 1.64663 1.69395 1.73875 1.78064 1.81926 1.85427 1.88533 1.91214 1.93442 1.95193 1.96448 1.97192 1.97415 1.97116 1.96296 1.94965 1.93139 1.90838 1.8809 1.84926 1.81382 1.77497 1.73312 1.68871 1.64218 1.59396 1.54447 1.4941
