MatLab_Code/gp.grd
DSAA
101 101
0 10000
0 10000
0.22528 7.51922
[rows 58 to 86 of 101, columns 0 to 65 of 101]
0.555562 0.587685 0.622364 0.659629 0.699728 0.742883 0.789342 0.839356 0.893185 0.951115 1.01343 1.08044 1.15246 1.22986 1.31299 1.40229 1.49823 1.60137 1.71234 1.83189 1.96097 2.10062 2.25224 2.41756 2.59882 2.79944 3.02257 3.26942 3.5327 3.80077 4.06161 4.30532 4.52343 4.71163 4.86982 5.0002 5.10943 5.20507 5.29406 5.38398 5.48023 5.58661 5.70565 5.83855 5.98394 6.14133 6.30788 6.47958 6.65369 6.82447 6.98573 7.13218 7.25575 7.34897 7.40558 7.41865 7.38341 7.29734 7.15952 6.97215 6.73999 6.46951 6.16957 5.84952 5.5184 5.18493
0.55254 0.584478 0.618963 0.656023 0.695897 0.738808 0.784996 0.834701 0.888169 0.945677 1.00749 1.07388 1.14516 1.22165 1.30368 1.39167 1.48605 1.58734 1.6962 1.81336 1.93975 2.07647 2.22492 2.38693 2.5648 2.76181 2.98055 3.22093 3.47539 3.73276 3.982 4.2143 4.42249 4.60349 4.75833 4.88978 5.00458 5.11031 5.21348 5.32125 5.4385 5.56894 5.71394 5.87394 6.04661 6.22952 6.41857 6.60816 6.7936 6.96884 7.12733 7.26352 7.37091 7.44336 7.47593 7.46388 7.40407 7.29536 7.13813 6.93527 6.69189 6.41435 6.11115 5.79088 5.4619 5.13216
0.549086 0.580883 0.615162 0.651991 0.691634 0.73429 0.780192 0.829589 0.882697 0.939777 1.00109 1.06686 1.13739 1.21297 1.29388 1.38052 1.4733 1.57272 1.67941 1.79411 1.91778 2.05157 2.19693 2.35572 2.53029 2.72325 2.93596 3.16652 3.4076 3.64926 3.88143 4.09693 4.2896 4.45777 4.60469 4.73225 4.84866 4.96175 5.07589 5.19959 5.33731 5.49039 5.6616 5.84967 6.05038 6.26064 6.47424 6.68314 6.88263 7.06462 7.22226 7.35158 7.44551 7.50009 7.5126 7.47858 7.39759 7.26996 7.09603 6.88039 6.62832 6.34544 6.04053 5.72143 5.39548 5.0704
0.545387 0.576911 0.61096 0.647564 0.686956 0.729351 0.774975 0.824055 0.876811 0.933484 0.994297 1.05947 1.12927 1.20393 1.28372 1.369 1.46012 1.55759 1.66204 1.7742 1.89505 2.0258 2.16793 2.32326 2.49387 2.68144 2.88594 3.104 3.32851 3.55046 3.76117 3.95433 4.12616 4.27676 4.40981 4.52988 4.64425 4.76031 4.88383 5.02124 5.17679 5.35266 5.54967 5.76576 5.99585 6.23474 6.47422 6.70503 6.9202 7.11116 7.27093 7.39524 7.47906 7.51922 7.51417 7.46232 7.36369 7.21969 7.03279 6.80709 6.54814 6.26236 5.95722 5.64032 5.31877 4.99912
0.541269 0.572571 0.606377 0.642734 0.681871 0.724001 0.769346 0.818123 0.870538 0.926821 0.98717 1.05178 1.12086 1.19463 1.27329 1.35717 1.4466 1.54204 1.64412 1.75361 1.87144 1.99889 2.13738 2.28859 2.4541 2.63465 2.82891 3.03252 3.23828 3.4378 3.62348 3.79071 3.93765 4.06637 4.18225 4.29072 4.39943 4.51583 4.64518 4.79381 4.96565 5.16244 5.38441 5.62858 5.88861 6.15702 6.42397 6.67821 6.91067 7.11231 7.27603 7.39756 7.47337 7.50177 7.48243 7.41549 7.3024 7.14555 6.94822 6.71511 6.45189 6.16483 5.86115 5.54788 5.23156 4.91827
0.536765 0.567857 0.601415 0.637507 0.676391 0.718254 0.763317 0.811811 0.863909 0.919823 0.979746 1.0438 1.11221 1.1851 1.26263 1.34509 1.43277 1.52607 1.62564 1.73219 1.84672 1.97046 2.10473 2.25092 2.41019 2.58223 2.76474 2.95236 3.13787 3.31309 3.47137 3.6103 3.72976 3.83395 3.93052 4.02469 4.12506 4.23958 4.37144 4.52849 4.71472 4.92957 5.17506 5.44705 5.73599 6.0346 6.3299 6.60745 6.85861 7.07184 7.24003 7.3607 7.43009 7.44867 7.41785 7.33854 7.21386 7.04719 6.84219 6.6042 6.33896 6.05253 5.75187 5.44354 5.13349 4.82739
0.532001 0.562788 0.596071 0.631905 0.670515 0.712114 0.756918 0.805129 0.856936 0.912529 0.97205 1.03562 1.10338 1.17541 1.25183 1.33283 1.41864 1.50966 1.60649 1.70983 1.82067 1.94017 2.06957 2.20994 2.36182 2.5242 2.69377 2.86454 3.02876 3.17861 3.30871 3.41799 3.50913 3.58844 3.66404 3.74342 3.83424 3.94353 4.07666 4.23935 4.43558 4.66744 4.93403 5.231 5.54882 5.87632 6.19854 6.49995 6.76865 6.99317 7.16654 7.28618 7.35057 7.36111 7.32049 7.23156 7.09801 6.92401 6.7142 6.47378 6.20864 5.92483 5.62877 5.32664 5.02405 4.72601
0.526828 0.557355 0.590351 0.625903 0.66424 0.705571 0.750113 0.798067 0.849609 0.904907 0.964082 1.0272 1.09435 1.16556 1.24083 1.3203 1.40415 1.49269 1.5865 1.68628 1.79298 1.90771 2.03154 2.16529 2.309 2.46098 2.6172 2.77088 2.91403 3.039 3.14145 3.22227 3.28633 3.34194 3.39825 3.46321 3.54422 3.64797 3.77971 3.94539 4.14942 4.39412 4.67886 4.99847 5.34197 5.69581 6.04291 6.36527 6.64946 6.88332 7.06029 7.17845 7.23766 7.241 7.19226 7.09548 6.95538 6.7767 6.56439 6.3239 6.06104 5.78162 5.49178 5.19722 4.90311 4.61407
0.521303 0.551549 0.58425 0.6195 0.657559 0.698618 0.742896 0.790615 0.841908 0.896942 0.955819 1.01853 1.08511 1.15549 1.22958 1.30745 1.38915 1.47495 1.56544 1.66127 1.76335 1.87279 1.9905 2.11707 2.25212 2.39348 2.53656 2.67389 2.79737 2.89929 2.9765 3.03159 3.07162 3.10694 3.14623 3.1991 3.27155 3.36898 3.49872 3.66528 3.87339 4.12835 4.4272 4.76569 5.13049 5.50639 5.87401 6.21195 6.50767 6.74723 6.92451 7.03974 7.09307 7.08934 7.03372 6.93083 6.78628 6.60524 6.39276 6.15447 5.89596 5.62279 5.34073 5.05509 4.77058 4.49146
0.515489 0.545386 0.577758 0.612704 0.650455 0.691233 0.73526 0.782728 0.833798 0.888605 0.947194 1.00953 1.07556 1.1451 1.21797 1.29408 1.37344 1.45624 1.54302 1.63448 1.73154 1.83525 1.94645 2.06554 2.19185 2.32292 2.45374 2.57666 2.68311 2.76575 2.8224 2.85685 2.87823 2.89795 2.92502 2.96861 3.03433 3.12706 3.25376 3.41961 3.63005 3.89068 4.19918 4.55034 4.93043 5.32102 5.70079 6.04842 6.34843 6.58811 6.76243 6.87152 6.91795 6.90735 6.84543 6.73816 6.59118 6.40989 6.19961 5.96567 5.71351 5.44841 5.17571 4.90031 4.62658 4.35833
0.50927 0.538846 0.570866 0.60547 0.6429 0.683374 0.727123 0.774348 0.82519 0.879767 0.938096 1.00007 1.06553 1.13418 1.20571 1.2799 1.35663 1.43608 1.51879 1.60551 1.69723 1.79497 1.89952 2.01118 2.12916 2.2509 2.37136 2.48272 2.5765 2.64525 2.68772 2.70813 2.71734 2.72777 2.74671 2.78532 2.84715 2.93562 3.0605 3.22493 3.43447 3.69855 4.01144 4.36909 4.75636 5.15257 5.53563 5.88247 6.17868 6.41147 6.577 6.67698 6.71461 6.69647 6.62926 6.51888 6.3713 6.19198 5.98597 5.75847 5.51461 5.25928 4.99746 4.73362 4.47172 4.21524
0.502716 0.53192 0.563566 0.597795 0.634876 0.675019 0.71846 0.765422 0.816015 0.870346 0.928405 0.989978 1.05483 1.12252 1.19253 1.26455 1.33832 1.41406 1.49233 1.57405 1.66027 1.75203 1.8501 1.95474 2.06517 2.17896 2.29133 2.39477 2.48101 2.54257 2.57875 2.5931 2.59776 2.60566 2.62142 2.65925 2.72023 2.80592 2.93027 3.09312 3.29964 3.56416 3.87572 4.23184 4.61644 5.0069 5.38145 5.71631 5.99904 6.21752 6.36884 6.45643 6.48373 6.45812 6.38641 6.27449 6.12825 5.95291 5.75327 5.53419 5.30043 5.05651 4.80697 4.55587 4.30684 4.06301
0.495841 0.524619 0.555843 0.58967 0.626347 0.666118 0.70922 0.755855 0.806167 0.860219 0.91794 0.979071 1.04322 1.10978 1.17809 1.24762 1.31807 1.3897 1.46326 1.53984 1.62063 1.7067 1.79878 1.8971 2.00102 2.10841 2.21514 2.31451 2.39866 2.46069 2.49889 2.51729 2.52608 2.53708 2.55778 2.59737 2.65965 2.74813 2.8707 3.03188 3.23742 3.49446 3.79852 4.14342 4.51228 4.88407 5.23634 5.54863 5.808 6.00492 6.13809 6.21036 6.22672 6.19418 6.11905 6.00732 5.86437 5.69496 5.50364 5.2948 5.07276 4.84172 4.6057 4.36843 4.13317 3.90276
0.488562 0.516921 0.547681 0.581044 0.617277 0.656611 0.699298 0.745556 0.795499 0.849181 0.906493 0.967059 1.03036 1.09564 1.16197 1.22869 1.29548 1.36272 1.4314 1.50291 1.57861 1.65954 1.74634 1.83922 1.93767 2.04017 2.14337 2.24169 2.3283 2.39636 2.44406 2.473 2.49277 2.51441 2.54217 2.58903 2.65639 2.74608 2.8708 3.03036 3.22921 3.47885 3.76812 4.09289 4.436 4.77733 5.09714 5.37568 5.60439 5.77448 5.88533 5.9414 5.94657 5.90768 5.83082 5.72095 5.58306 5.4215 5.24015 5.0431 4.83421 4.61718 4.39572 4.17315 3.95237 3.73598
0.480966 0.508825 0.539082 0.571932 0.607652 0.646479 0.688674 0.734461 0.783937 0.837138 0.89391 0.953768 1.01607 1.07983 1.14396 1.20761 1.27047 1.33317 1.39701 1.46376 1.53489 1.61139 1.69367 1.78189 1.87574 1.97425 2.07513 2.17419 2.26594 2.34437 2.40648 2.45309 2.49036 2.527 2.56895 2.62517 2.69935 2.7951 2.92001 3.0769 3.26975 3.50306 3.77058 4.06556 4.37141 4.67217 4.94982 5.18878 5.38187 5.52241 5.61074 5.65063 5.64589 5.60254 5.52558 5.41948 5.28845 5.13624 4.96635 4.78233 4.58761 4.38553 4.17936 3.97208 3.76631 3.56435
0.473032 0.500346 0.530037 0.562315 0.597439 0.63568 0.677286 0.722474 0.771368 0.82395 0.880006 0.939003 1.00011 1.06217 1.12392 1.18438 1.2433 1.30155 1.36091 1.42339 1.49056 1.56326 1.64165 1.72572 1.81534 1.91011 2.00877 2.10865 2.20568 2.29501 2.37304 2.43927 2.49692 2.55203 2.6105 2.6788 2.76165 2.86324 2.98845 3.14085 3.32323 3.5364 3.77592 4.03404 4.29716 4.55181 4.78361 4.98099 5.13767 5.24938 5.31654 5.3421 5.32964 5.28379 5.20863 5.10799 4.98528 4.84369 4.68629 4.51614 4.33629 4.1497 3.95924 3.76756 3.57703 3.38971
0.464714 0.49147 0.520539 0.55216 0.586625 0.624169 0.665063 0.709541 0.757679 0.809466 0.864659 0.922588 0.982359 1.04263 1.10199 1.15937 1.2146 1.26882 1.32419 1.38296 1.44664 1.51605 1.59083 1.67089 1.75617 1.84677 1.94236 2.04158 2.142 2.23989 2.33164 2.41584 2.4931 2.56698 2.64228 2.72352 2.81529 2.92202 3.04638 3.19198 3.36079 3.55047 3.75861 3.97827 4.19616 4.40498 4.5927 4.74961 4.8732 4.95904 5.00763 5.02192 5.00395 4.95755 4.88602 4.79211 4.67875 4.54864 4.40429 4.24845 4.08375 3.91276 3.73809 3.56204 3.38672 3.21399
0.456121 0.482222 0.510612 0.541521 0.575221 0.611976 0.652042 0.695653 0.742892 0.793714 0.84784 0.904557 0.962855 1.02129 1.07837 1.13298 1.18506 1.23594 1.288 1.3436 1.40423 1.47035 1.54144 1.61721 1.69765 1.78316 1.87411 1.97031 2.07064 2.17269 2.27342 2.37067 2.46344 2.55308 2.64278 2.73535 2.83465 2.94443 3.06628 3.20302 3.35553 3.52115 3.69774 3.87911 4.0566 4.22364 4.37195 4.49522 4.59051 4.65533 4.6899 4.69587 4.6751 4.63016 4.56346 4.4773 4.37393 4.25558 4.12448 3.98293 3.83325 3.6777 3.51854 3.35783 3.19746 3.03905
0.447213 0.472621 0.500268 0.530385 0.563232 0.599088 0.638201 0.680795 0.726967 0.776651 0.829536 0.884897 0.94165 0.998314 1.05333 1.10564 1.15522 1.2035 1.25289 1.30575 1.36341 1.42614 1.49323 1.56423 1.63913 1.71852 1.8032 1.89382 1.99032 2.09159 2.19544 2.29942 2.40165 2.50185 2.60132 2.70183 2.80588 2.91607 3.03373 3.16041 3.29635 3.4395 3.58759 3.73615 3.87917 4.01176 4.12831 4.22438 4.2977 4.34652 4.37078 4.37148 4.34987 4.30768 4.24669 4.16866 4.07539 3.96874 3.85062 3.72299 3.58786 3.44723 3.30304 3.15714 3.01118 2.86663
0.437973 0.462675 0.489522 0.518759 0.550684 0.585522 0.623543 0.664995 0.709918 0.758282 0.809794 0.863654 0.918843 0.97385 1.02712 1.07761 1.12529 1.17158 1.21881 1.26918 1.32385 1.38299 1.44569 1.51142 1.58016 1.65258 1.72967 1.81264 1.90216 1.99835 2.09997 2.20479 2.31043 2.41541 2.51985 2.62395 2.72934 2.83798 2.94959 3.06595 3.18715 3.31014 3.43459 3.55699 3.67235 3.77834 3.87068 3.94599 4.0031 4.0403 4.05743 4.05514 4.03405 3.99537 3.94041 3.87047 3.78703 3.69165 3.58589 3.47148 3.35018 3.22368 3.0937 2.96186 2.82961 2.69825
0.428547 0.452438 0.478428 0.50674 0.537632 0.571365 0.608188 0.648331 0.69188 0.738782 0.788742 0.841036 0.894619 0.948047 0.999805 1.04887 1.09517 1.14 1.18543 1.23347 1.28513 1.34034 1.39827 1.45835 1.52057 1.58557 1.65443 1.72851 1.80906 1.89705 1.99239 2.09334 2.19747 2.30244 2.40704 2.51101 2.61476 2.71911 2.82433 2.93084 3.03834 3.14555 3.25117 3.35288 3.44795 3.53394 3.60826 3.66874 3.71399 3.74305 3.75558 3.75176 3.73204 3.6972 3.64816 3.58596 3.51178 3.42691 3.3327 3.23064 3.12221 3.0089 2.8922 2.77351 2.65413 2.53523
0.418873 0.441934 0.467018 0.49433 0.52412 0.556647 0.592157 0.630872 0.672894 0.718185 0.766475 0.817097 0.869063 0.921002 0.971451 1.01939 1.06464 1.10831 1.15214 1.19791 1.24645 1.29756 1.35053 1.40478 1.46039 1.51797 1.57859 1.6436 1.71443 1.79265 1.87926 1.9733 2.07264 2.17419 2.27589 2.37676 2.47659 2.57554 2.67368 2.771 2.86715 2.96124 3.05215 3.13837 3.21797 3.28924 3.35039 3.39989 3.43666 3.45994 3.46936 3.46494 3.44693 3.41585 3.37237 3.31731 3.25164 3.17641 3.0928 3.00205 2.90543 2.80426 2.69981 2.5933 2.48587 2.37854
0.408962 0.431206 0.455336 0.481578 0.510213 0.541443 0.575527 0.612713 0.653065 0.696599 0.743116 0.791945 0.842261 0.892758 0.942019 0.989029 1.03343 1.07613 1.11844 1.16195 1.2073 1.25423 1.30217 1.35061 1.39985 1.4504 1.50332 1.55994 1.62146 1.68958 1.76668 1.85196 1.94473 2.04083 2.13755 2.23344 2.32782 2.42048 2.51131 2.60011 2.68655 2.76981 2.84915 2.92343 2.99129 3.05153 3.10289 3.14423 3.17475 3.19383 3.20114 3.19661 3.18038 3.1528 3.11437 3.06576 3.00775 2.94123 2.86719 2.78668 2.70081 2.61068 2.51741 2.42204 2.32558 2.22894
0.398998 0.420312 0.443454 0.468607 0.496002 0.525877 0.558468 0.593995 0.632586 0.674256 0.718833 0.765803 0.814368 0.863359 0.91144 0.957553 1.00121 1.04296 1.08386 1.12512 1.16724 1.21003 1.25302 1.29599 1.33927 1.38354 1.42983 1.4792 1.53285 1.59234 1.65995 1.73635 1.82114 1.91032 2.00071 2.09032 2.17824 2.26407 2.34755 2.42838 2.50618 2.58038 2.65028 2.71506 2.77377 2.82549 2.86931 2.90442 2.93017 2.94609 2.9519 2.94749 2.93295 2.90853 2.87462 2.83175 2.78057 2.72182 2.65634 2.58502 2.50879 2.42863 2.34547 2.26023 2.17379 2.08692
0.388885 0.409285 0.431415 0.455431 0.481556 0.510012 0.541026 0.574824 0.611532 0.651208 0.693739 0.738688 0.78539 0.83279 0.87963 0.924834 0.967719 1.00856 1.04802 1.08702 1.12597 1.1647 1.20301 1.24089 1.2789 1.31779 1.35855 1.40215 1.44955 1.50205 1.56184 1.62983 1.70637 1.78772 1.87072 1.95316 2.03397 2.11265 2.18881 2.2621 2.33213 2.39841 2.46035 2.51731 2.56859 2.61349 2.65132 2.68149 2.70349 2.71695 2.72164 2.71747 2.70448 2.68287 2.65295 2.61514 2.56999 2.51813 2.46024 2.39711 2.32951 2.25827 2.18421 2.10811 2.03072 1.95275
0.378681 0.398191 0.419285 0.442132 0.466961 0.493953 0.523331 0.555335 0.590067 0.627631 0.66799 0.71075 0.755421 0.801066 0.846505 0.890677 0.93268 0.972648 1.01054 1.04732 1.08325 1.11808 1.15211 1.18545 1.21903 1.2535 1.28988 1.32911 1.37187 1.41924 1.47298 1.53372 1.60213 1.67516 1.7501 1.82479 1.89815 1.96955 2.03849 2.10462 2.16752 2.22674 2.28177 2.33209 2.37715 2.41641 2.44933 2.47547 2.49443 2.50592 2.50975 2.50586 2.49427 2.47514 2.44872 2.41537 2.37554 2.32975 2.27859 2.2227 2.16277 2.09949 2.03356 1.96565 1.89644 1.8265
0.368535 0.38708 0.407138 0.428824 0.452324 0.477837 0.50556 0.535699 0.568405 0.603777 0.641802 0.682239 0.724651 0.768257 0.812005 0.854836 0.895764 0.934498 0.970959 1.00557 1.03856 1.07004 1.10037 1.13004 1.16 1.19106 1.22414 1.26001 1.29932 1.34293 1.39185 1.44672 1.50745 1.57223 1.63896 1.70583 1.77173 1.83595 1.89796 1.95734 2.01366 2.0665 2.11543 2.15998 2.19972 2.2342 2.26302 2.2858 2.30225 2.31213 2.3153 2.31171 2.30137 2.28443 2.26109 2.23165 2.19648 2.15603 2.11079 2.06131 2.00817 1.95196 1.89327 1.8327 1.77081 1.70812
0.35837 0.375995 0.395021 0.415534 0.437719 0.461739 0.487782 0.516048 0.546664 0.579756 0.615357 0.653272 0.693201 0.734494 0.776222 0.817396 0.856918 0.894345 0.929168 0.961696 0.992134 1.02067 1.048 1.07475 1.10202 1.13053 1.16113 1.19448 1.23105 1.27148 1.31635 1.36594 1.42002 1.47733 1.53642 1.59583 1.65459 1.712 1.76746 1.82055 1.87084 1.91792 1.9614 2.00089 2.036 2.06638 2.09168 2.11162 2.12596 2.13451 2.13716 2.13387 2.12466 2.10965 2.08901 2.063 2.03192 1.99616 1.95613 1.9123 1.86516 1.81522 1.76297 1.70893 1.65359 1.59741
0.348265 0.365001 0.383 0.402354 0.423235 0.445776 0.470148 0.496539 0.525055 0.555826 0.588921 0.624176 0.661401 0.70008 0.739392 0.778476 0.816195 0.85203 0.885109 0.915709 0.944 0.970239 0.995365 1.02005 1.04547 1.07216 1.10089 1.13222 1.16643 1.204 1.24517 1.29006 1.3383 1.38904 1.44129 1.49392 1.54611 1.59721 1.64663 1.69395 1.73875 1.78064 1.81926 1.85427 1.88533 1.91214 1.93442 1.95193 1.96448 1.97192 1.97415 1.97116 1.96296 1.94965 1.93139 1.90838 1.8809 1.84926 1.81382 1.77497 1.73312 1.68871 1.64218 1.59396 1.54447 1.4941
