MatLab_Code/gp.grd
DSAA
101 101
0 10000
0 10000
0.22528 7.51922
[rows 29 to 57 of 101, columns 0 to 65 of 101]
0.464581 0.488769 0.514652 0.542322 0.571948 0.60369 0.637733 0.674276 0.713532 0.755737 0.801147 0.850027 0.902677 0.959403 1.02052 1.08637 1.15729 1.23358 1.31557 1.40348 1.49749 1.59768 1.70396 1.81602 1.93338 2.05521 2.18044 2.30772 2.43551 2.56219 2.68623 2.80629 2.92111 3.02923 3.12845 3.21542 3.28578 3.33665 3.36495 3.37352 3.36629 3.34931 3.32893 3.30988 3.29648 3.29019 3.29251 3.30393 3.32393 3.3522 3.38806 3.43007 3.47745 3.52897 3.58181 3.63466 3.68287 3.72108 3.74453 3.74633 3.72252 3.67064 3.59168 3.48925 3.36862 3.23642
0.472754 0.497616 0.524251 0.552755 0.583293 0.616045 0.651204 0.688977 0.729597 0.773311 0.820392 0.871124 0.925826 0.984823 1.04845 1.11708 1.19106 1.2707 1.35635 1.44823 1.5465 1.65122 1.76219 1.87906 2.00113 2.12746 2.25669 2.38723 2.5173 2.6451 2.76914 2.88825 3.00165 3.10854 3.20719 3.29457 3.3661 3.41788 3.44691 3.45475 3.44539 3.425 3.40019 3.37636 3.35797 3.34764 3.34729 3.35796 3.37989 3.41291 3.45602 3.50763 3.56576 3.62782 3.69065 3.75093 3.8037 3.84345 3.86452 3.86097 3.82911 3.76734 3.67746 3.56377 3.43239 3.29032
0.480691 0.506234 0.533609 0.562924 0.594361 0.628102 0.664353 0.703336 0.745293 0.790489 0.839211 0.891764 0.948481 1.00971 1.07581 1.14717 1.22414 1.30708 1.39632 1.49208 1.59451 1.70361 1.81914 1.94059 2.06716 2.19764 2.33047 2.46375 2.59547 2.72366 2.84684 2.96406 3.07515 3.18015 3.27762 3.36524 3.43763 3.4907 3.51994 3.527 3.51562 3.49166 3.46242 3.43354 3.41018 3.39555 3.39244 3.40272 3.42728 3.46641 3.51901 3.58274 3.65451 3.73041 3.80561 3.87568 3.93466 3.97631 3.99511 3.98529 3.94391 3.87035 3.76734 3.64011 3.49563 3.34143
0.488403 0.514597 0.542693 0.572802 0.605114 0.639821 0.677138 0.717303 0.760567 0.80721 0.857535 0.911864 0.97055 1.03396 1.10247 1.17649 1.25639 1.34254 1.43527 1.53481 1.64126 1.75461 1.87451 2.00036 2.13117 2.26553 2.4016 2.53723 2.67014 2.79819 2.91998 3.03477 3.14303 3.24558 3.34126 3.42838 3.50091 3.55409 3.58301 3.5887 3.57477 3.54715 3.5133 3.47924 3.45068 3.43158 3.42546 3.4356 3.46324 3.5096 3.57364 3.65199 3.74062 3.83338 3.92444 4.00696 4.07421 4.11959 4.13658 4.12052 4.0691 3.98253 3.86496 3.72253 3.56308 3.39497
0.49586 0.522679 0.551474 0.582355 0.615515 0.65116 0.689514 0.730824 0.775355 0.823404 0.875284 0.931337 0.991933 1.05745 1.1283 1.2049 1.28764 1.37689 1.473 1.57618 1.68654 1.80395 1.92806 2.05811 2.19294 2.33094 2.47002 2.60777 2.74165 2.8694 2.98962 3.10193 3.20721 3.30685 3.40043 3.48587 3.55727 3.60913 3.63651 3.63985 3.62263 3.59104 3.55242 3.51314 3.47932 3.45575 3.44677 3.45659 3.48769 3.5419 3.61823 3.71297 3.82059 3.93316 4.04286 4.14113 4.21959 4.27084 4.28812 4.26689 4.20577 4.10615 3.97328 3.81466 3.63905 3.45579
0.503008 0.530454 0.559924 0.591546 0.625527 0.662076 0.701428 0.743845 0.789598 0.838999 0.892381 0.950092 1.01252 1.08008 1.15318 1.23225 1.31771 1.40995 1.5093 1.61598 1.73006 1.8514 1.97952 2.11359 2.25229 2.39379 2.53579 2.67558 2.81043 2.93791 3.0567 3.16642 3.26857 3.36519 3.45544 3.53856 3.60728 3.65687 3.68077 3.68061 3.65968 3.62355 3.58019 3.53572 3.49705 3.46905 3.45686 3.46686 3.50097 3.56299 3.65261 3.76441 3.89288 4.0274 4.15892 4.2757 4.36849 4.42902 4.44866 4.42424 4.35491 4.24244 4.09438 3.9192 3.72674 3.52758
0.509875 0.537897 0.568016 0.600352 0.635118 0.672536 0.712846 0.756321 0.803246 0.853943 0.908758 0.968059 1.03225 1.10175 1.17699 1.25843 1.34649 1.44156 1.544 1.65402 1.77166 1.89674 2.02873 2.16666 2.3091 2.45404 2.59895 2.74091 2.87696 3.00456 3.12229 3.22998 3.32914 3.42197 3.50826 3.58662 3.65065 3.69524 3.71483 3.71044 3.68538 3.6454 3.59792 3.54927 3.50628 3.47462 3.46014 3.46981 3.50714 3.57661 3.67845 3.80722 3.95658 4.11417 4.26887 4.40714 4.51734 4.58983 4.6154 4.59037 4.51455 4.39098 4.2285 4.0372 3.82819 3.61318
0.516411 0.544986 0.575723 0.60874 0.644255 0.682498 0.723722 0.768203 0.816242 0.868171 0.924347 0.985154 1.05101 1.12235 1.19962 1.28329 1.37381 1.47157 1.57694 1.69011 1.81113 1.93978 2.07547 2.21716 2.36328 2.51167 2.65961 2.80399 2.94165 3.06984 3.18702 3.29293 3.38904 3.47746 3.55832 3.63015 3.68745 3.72539 3.73937 3.73023 3.70122 3.65792 3.60724 3.55541 3.50921 3.47482 3.45867 3.46824 3.5087 3.585 3.69802 3.84296 4.01245 4.19321 4.37196 4.53342 4.66362 4.75103 4.78564 4.76288 4.68301 4.55032 4.37488 4.16856 3.94391 3.71378
0.522571 0.551698 0.583022 0.616679 0.652905 0.691928 0.734013 0.779448 0.828535 0.881622 0.939081 1.0013 1.06872 1.14179 1.22096 1.30673 1.39955 1.49982 1.60794 1.72409 1.8483 1.98035 2.11959 2.26494 2.41472 2.56665 2.71785 2.86501 3.00477 3.1341 3.25125 3.35557 3.44844 3.53192 3.60575 3.66983 3.71865 3.74899 3.75603 3.74181 3.70926 3.66312 3.61017 3.55601 3.50789 3.47151 3.45355 3.46418 3.50676 3.58889 3.7132 3.87254 4.06185 4.26512 4.4688 4.65402 4.80578 4.91179 4.95715 4.93948 4.85932 4.71859 4.53223 4.3129 4.07349 3.82942
0.528407 0.558014 0.589888 0.624153 0.661043 0.7008 0.743693 0.790017 0.840088 0.894258 0.952911 1.01645 1.08532 1.15999 1.24093 1.32864 1.42359 1.52622 1.63688 1.75582 1.88303 2.0183 2.16096 2.30987 2.46332 2.61892 2.77365 2.92404 3.06647 3.19766 3.31538 3.41873 3.50841 3.58616 3.65234 3.7066 3.7456 3.76641 3.76664 3.74734 3.71139 3.66351 3.60928 3.55427 3.50499 3.46788 3.45011 3.46094 3.5067 3.59455 3.72738 3.90029 4.10665 4.33093 4.55739 4.76678 4.94108 5.06517 5.12519 5.11519 5.03551 4.89127 4.69629 4.46552 4.21435 3.95811
0.533846 0.563914 0.596303 0.631132 0.668642 0.70908 0.752724 0.799873 0.850853 0.906026 0.96578 1.03053 1.10074 1.17688 1.25945 1.34894 1.44584 1.55062 1.66363 1.78514 1.91516 2.05347 2.19942 2.35185 2.509 2.66842 2.82701 2.98111 3.12684 3.26054 3.37949 3.48219 3.56878 3.64063 3.69839 3.74241 3.77086 3.78207 3.77481 3.75033 3.71133 3.66189 3.60697 3.55167 3.50215 3.46496 3.44753 3.45947 3.50805 3.60106 3.74209 3.92705 4.14921 4.39285 4.64108 4.87333 5.06976 5.21312 5.28813 5.2876 5.21128 5.06512 4.86392 4.62437 4.36325 4.09679
0.538854 0.569383 0.602248 0.637594 0.675678 0.716744 0.761076 0.808984 0.860796 0.916882 0.977644 1.0435 1.11492 1.1924 1.27642 1.36753 1.4662 1.57292 1.68808 1.81195 1.94456 2.08574 2.23482 2.3907 2.55159 2.71504 2.87785 3.03616 3.18588 3.32286 3.44375 3.54638 3.63015 3.69621 3.74512 3.77884 3.79652 3.79781 3.7831 3.75345 3.71131 3.66071 3.6054 3.5501 3.50109 3.46426 3.44693 3.46108 3.51184 3.60934 3.75914 3.95438 4.19171 4.45308 4.72191 4.97519 5.19222 5.35578 5.44476 5.45432 5.38497 5.2367 5.03161 4.78607 4.51615 4.24137
0.543513 0.574406 0.607706 0.643532 0.682135 0.723774 0.768735 0.817328 0.869894 0.926807 0.98847 1.05532 1.12783 1.20649 1.29182 1.38436 1.48461 1.59306 1.71014 1.83614 1.97115 2.11497 2.26705 2.42629 2.59096 2.7586 2.92595 3.08906 3.24345 3.38455 3.5083 3.61175 3.69348 3.75411 3.79494 3.81815 3.82514 3.81678 3.79441 3.75952 3.71447 3.6624 3.60687 3.55215 3.5037 3.46798 3.4527 3.46819 3.52281 3.6256 3.78161 3.98744 4.23706 4.51405 4.80014 5.07255 5.30848 5.48768 5.59187 5.61172 5.54602 5.40105 5.19383 4.94307 4.66802 4.38632
0.547718 0.57897 0.612664 0.648921 0.687995 0.730148 0.775671 0.824879 0.878116 0.935761 0.998225 1.06594 1.13941 1.21911 1.30558 1.39936 1.50099 1.61096 1.72973 1.85762 1.99478 2.14106 2.29597 2.45848 2.62694 2.79893 2.97119 3.13961 3.29945 3.4456 3.57322 3.67844 3.759 3.8151 3.84826 3.86179 3.85855 3.84076 3.81091 3.77071 3.7224 3.66883 3.61296 3.55871 3.51126 3.47691 3.46338 3.48145 3.53957 3.64746 3.8108 4.02608 4.28778 4.57899 4.88083 5.16963 5.4216 5.61549 5.73171 5.76055 5.70046 5.55741 5.34916 5.09515 4.81525 4.52773
0.55147 0.583067 0.617114 0.65375 0.693244 0.735852 0.781869 0.83162 0.885443 0.943726 1.00689 1.07535 1.14963 1.23023 1.31766 1.41251 1.5153 1.62656 1.74678 1.87632 2.01537 2.16388 2.32142 2.4871 2.65934 2.83582 3.0133 3.18757 3.35366 3.5059 3.63854 3.74691 3.82755 3.88027 3.90669 3.91141 3.89869 3.87147 3.83468 3.78913 3.73716 3.68214 3.6258 3.57192 3.52583 3.49315 3.48135 3.50317 3.56482 3.67787 3.84961 4.0735 4.34707 4.65101 4.96677 5.26899 5.53362 5.73999 5.86488 5.90059 5.84625 5.70368 5.49495 5.23894 4.95441 4.66168
0.554839 0.586685 0.621042 0.658018 0.697875 0.740881 0.78733 0.837543 0.891872 0.950699 1.01445 1.08354 1.15851 1.23983 1.32807 1.42377 1.52751 1.63984 1.76126 1.89218 2.03287 2.18335 2.34331 2.51197 2.68793 2.86896 3.05193 3.23259 3.40567 3.56502 3.70411 3.81709 3.89961 3.95063 3.97224 3.96935 3.94795 3.91278 3.86849 3.81751 3.76218 3.70496 3.6481 3.59495 3.55026 3.52009 3.51215 3.5373 3.60474 3.72453 3.90273 4.13639 4.41928 4.73387 5.05994 5.37252 5.64645 5.85919 5.99101 6.03124 5.97805 5.83806 5.62878 5.37011 5.08271 4.78494
0.557727 0.589823 0.624447 0.661711 0.701879 0.745222 0.792035 0.842639 0.897385 0.95666 1.02089 1.09049 1.166 1.2479 1.33676 1.43314 1.53761 1.65075 1.77312 1.90515 2.04719 2.19937 2.36149 2.53295 2.7125 2.89812 3.08679 3.27428 3.45516 3.62279 3.76976 3.88919 3.97549 4.0269 4.04535 4.03665 4.00808 3.96535 3.91466 3.85857 3.79958 3.74055 3.6832 3.63082 3.58822 3.56096 3.55671 3.58707 3.66006 3.78669 3.97345 4.21563 4.50809 4.8317 5.16591 5.48505 5.76388 5.9803 6.11407 6.15531 6.10282 5.96217 5.75153 5.49051 5.19926 4.89643
0.560158 0.592476 0.627326 0.664827 0.705257 0.748877 0.795985 0.846907 0.901987 0.961614 1.02621 1.09621 1.17212 1.25445 1.34374 1.4406 1.54559 1.65931 1.78235 1.91521 2.05829 2.21186 2.37586 2.54985 2.73283 2.92297 3.11746 3.31215 3.50153 3.67856 3.83493 3.96291 4.05533 4.10963 4.1275 4.11527 4.08152 4.03228 3.97652 3.91598 3.85331 3.79324 3.73575 3.6842 3.64485 3.62125 3.62132 3.65856 3.73783 3.87194 4.06792 4.31779 4.61855 4.94862 5.28748 5.60881 5.88772 6.10326 6.23428 6.27296 6.21863 6.07515 5.86213 5.59837 5.30283 4.99486
0.562186 0.59464 0.629672 0.667373 0.708008 0.751849 0.799191 0.850353 0.905687 0.965577 1.03044 1.1007 1.17688 1.25949 1.34906 1.44619 1.55147 1.66553 1.78896 1.92236 2.06618 2.2208 2.38634 2.56256 2.74868 2.94318 3.14347 3.34562 3.54401 3.73133 3.89868 4.03701 4.1383 4.19872 4.2196 4.20716 4.17078 4.1186 4.05847 3.99467 3.93043 3.86913 3.81245 3.76362 3.72757 3.7093 3.71658 3.76022 3.84838 3.99121 4.19369 4.45133 4.75621 5.08863 5.42684 5.74521 6.01905 6.22707 6.35171 6.38407 6.32336 6.17645 5.95975 5.69197 5.39265 5.07946
0.563722 0.59632 0.631495 0.669342 0.710134 0.754138 0.801646 0.852984 0.908488 0.968546 1.03357 1.10399 1.18031 1.26303 1.3527 1.44992 1.55528 1.66941 1.79298 1.92659 2.07081 2.22613 2.39282 2.5709 2.75985 2.95844 3.16443 3.37409 3.58193 3.78043 3.96 4.1109 4.22362 4.29329 4.32063 4.31161 4.27646 4.2233 4.16234 4.09768 4.03273 3.9728 3.91835 3.87277 3.84243 3.83041 3.84468 3.89757 3.99362 4.14449 4.35487 4.61662 4.92381 5.25441 5.5873 5.89689 6.15955 6.35596 6.4685 6.49022 6.42141 6.26746 6.04549 5.77329 5.46906 5.15068
0.56482 0.597518 0.632794 0.670744 0.711644 0.755756 0.803372 0.854812 0.910411 0.970552 1.03563 1.1061 1.18243 1.26512 1.35473 1.45184 1.55705 1.67103 1.79443 1.92794 2.07221 2.22784 2.39528 2.57477 2.76613 2.96845 3.17985 3.39693 3.61434 3.82447 4.01727 4.18235 4.30903 4.39134 4.42936 4.42824 4.39859 4.34893 4.29056 4.22812 4.16541 4.10911 4.05913 4.019 3.99613 3.99228 4.01559 4.07835 4.18335 4.3419 4.55718 4.82018 5.12411 5.44694 5.76797 6.06231 6.30786 6.48674 6.58264 6.58997 6.5096 6.34679 6.11817 5.84074 5.53156 5.2082
0.565506 0.598234 0.633572 0.671587 0.712548 0.756717 0.804383 0.85586 0.911482 0.971623 1.03667 1.10707 1.18329 1.26582 1.3552 1.45201 1.55687 1.67044 1.7934 1.92649 2.07044 2.22595 2.39368 2.57411 2.76734 2.97291 3.18929 3.41345 3.64025 3.86205 4.06862 4.24873 4.39126 4.48921 4.54166 4.55321 4.53375 4.49312 4.44122 4.38492 4.32916 4.27879 4.23636 4.20547 4.19123 4.19811 4.23309 4.30507 4.4199 4.58468 4.8006 5.06098 5.35524 5.66376 5.96591 6.23875 6.46143 6.617 6.69238 6.68191 6.5867 6.41365 6.17722 5.89368 5.57998 5.25204
0.565703 0.598481 0.633845 0.671877 0.712854 0.75703 0.804688 0.856144 0.911717 0.971777 1.03671 1.10694 1.18293 1.26516 1.35416 1.4505 1.5548 1.66772 1.78997 1.92231 2.06554 2.22051 2.38803 2.56883 2.76338 2.97157 3.19238 3.42312 3.65896 3.8923 4.11253 4.30836 4.46771 4.58296 4.65275 4.68025 4.67536 4.64735 4.60702 4.5613 4.51541 4.4757 4.44408 4.42429 4.42263 4.4418 4.4885 4.57205 4.69473 4.86361 5.07864 5.33105 5.61134 5.89975 6.17782 6.42324 6.61767 6.7467 6.79708 6.76568 6.6545 6.46865 6.22343 5.93391 5.61512 5.28326
0.565498 0.59826 0.633615 0.671631 0.712581 0.756716 0.804319 0.855692 0.911155 0.971065 1.0358 1.10577 1.18142 1.26323 1.3517 1.44741 1.55095 1.66299 1.78424 1.91552 2.05767 2.21162 2.37839 2.55896 2.75411 2.96422 3.18873 3.42537 3.66955 3.91365 4.14697 4.35779 4.53394 4.66735 4.75597 4.80235 4.81536 4.80449 4.77954 4.74849 4.71734 4.69142 4.6743 4.66984 4.6825 4.71658 4.77751 4.87148 5.00229 5.17323 5.38256 5.62325 5.88372 6.14679 6.3952 6.60885 6.77132 6.86955 6.89295 6.83864 6.70906 6.51018 6.25561 5.9597 5.63679 5.3017
0.56488 0.597581 0.632891 0.670859 0.711743 0.755797 0.803298 0.854537 0.90983 0.969526 1.03399 1.10361 1.17883 1.2601 1.34792 1.44284 1.54544 1.65638 1.77639 1.90628 2.04696 2.19944 2.36489 2.54451 2.7395 2.95069 3.17804 3.41975 3.67137 3.92516 4.17033 4.39477 4.58648 4.73734 4.84464 4.91075 4.94344 4.95192 4.94552 4.93248 4.9192 4.91092 4.91159 4.92506 4.95515 5.00592 5.08175 5.18695 5.3245 5.49563 5.69737 5.9227 6.16033 6.39478 6.61013 6.78924 6.91719 6.98266 6.97743 6.89905 6.75034 6.53789 6.27394 5.97188 5.64551 5.30812
0.563787 0.596458 0.631695 0.669571 0.710355 0.754289 0.80164 0.852705 0.907776 0.967196 1.03132 1.10052 1.17522 1.25586 1.3429 1.4369 1.5384 1.64805 1.76658 1.8948 2.03365 2.1842 2.34773 2.52571 2.71961 2.93089 3.16008 3.40587 3.66386 3.92608 4.1812 4.41737 4.62243 4.78844 4.91328 4.99803 5.05042 5.07931 5.09301 5.10025 5.10764 5.11956 5.1409 5.17515 5.22472 5.29401 5.38582 5.50242 5.64632 5.81653 6.00898 6.21761 6.43054 6.63438 6.81599 6.95873 7.05102 7.08388 7.04884 6.94603 6.77884 6.55222 6.27918 5.97194 5.64226 5.30367
0.562341 0.594893 0.630029 0.667792 0.708442 0.75222 0.799391 0.850234 0.905042 0.964141 1.02787 1.09658 1.17069 1.25061 1.33678 1.42973 1.52999 1.63818 1.75503 1.88133 2.01802 2.16622 2.32727 2.50284 2.69469 2.90487 3.13469 3.38339 3.64643 3.91511 4.17775 4.42235 4.63747 4.81577 4.95494 5.05658 5.12745 5.17599 5.2104 5.23899 5.26816 5.30267 5.34673 5.40351 5.4749 5.56408 5.67274 5.80146 5.95153 6.12039 6.30332 6.49432 6.6825 6.85598 7.00302 7.11036 7.16768 7.16734 7.10405 6.97754 6.79152 6.55231 6.27081 5.9586 5.62727 5.28839
0.560483 0.592903 0.627909 0.665531 0.70602 0.749614 0.796572 0.847162 0.901668 0.960405 1.02369 1.09187 1.16533 1.24445 1.32967 1.42147 1.52038 1.62698 1.74197 1.86615 2.00043 2.14594 2.30405 2.47649 2.6653 2.87312 3.10212 3.35231 3.61864 3.89124 4.15802 4.40724 4.62834 4.81478 4.96472 5.07994 5.16681 5.23356 5.28791 5.33784 5.3895 5.44775 5.51597 5.59687 5.6917 5.80216 5.92865 6.07054 6.2271 6.39517 6.56943 6.74345 6.90794 7.05233 7.16645 7.23977 7.26358 7.23204 7.14163 6.99273 6.78954 6.53842 6.2495 5.93352 5.60129 5.26318
0.558171 0.5905 0.625352 0.662801 0.703106 0.74649 0.793205 0.843521 0.897697 0.956037 1.01885 1.08646 1.15921 1.23749 1.32169 1.41227 1.50973 1.61464 1.72767 1.84957 1.98131 2.12392 2.27881 2.44774 2.63276 2.83712 3.06354 3.31359 3.58065 3.85368 4.12007 4.36951 4.59173 4.78144 4.9382 5.06282 5.16258 5.24539 5.31776 5.38829 5.46289 5.54483 5.63828 5.74497 5.86417 5.99748 6.14351 6.29917 6.46391 6.63248 6.7989 6.95838 7.10084 7.21802 7.30237 7.34357 7.33624 7.27649 7.16057 6.99125 6.77295 6.51091 6.21583 5.89745 5.56494 5.22873
