MatLab_Code/gp.grd
DSAA
101 101
0 10000
0 10000
0.22528 7.51922
[rows 0 to 28 of 101, columns 0 to 65 of 101]
0.22528 0.232527 0.240027 0.247778 0.255799 0.264085 0.272644 0.281489 0.290613 0.300026 0.309737 0.319732 0.330028 0.340622 0.351499 0.362678 0.374141 0.385871 0.397891 0.410164 0.422669 0.435433 0.448393 0.461533 0.474864 0.488313 0.501861 0.5155 0.529145 0.542779 0.556366 0.569813 0.583108 0.596183 0.608941 0.621378 0.633391 0.644889 0.655881 0.666231 0.675865 0.684805 0.6929 0.700106 0.706432 0.711754 0.716061 0.719349 0.721536 0.722641 0.722662 0.72156 0.719386 0.716146 0.711844 0.706559 0.700315 0.693147 0.685172 0.676421 0.66696 0.656947 0.646405 0.635429 0.62416 0.612597
0.231865 0.239458 0.247343 0.255503 0.263949 0.272689 0.281729 0.291076 0.300737 0.310716 0.321017 0.331646 0.342603 0.35389 0.365507 0.377451 0.389721 0.402309 0.415208 0.428408 0.441895 0.455653 0.469663 0.483902 0.498344 0.51296 0.527712 0.542564 0.557473 0.572388 0.587262 0.602035 0.616646 0.631031 0.645121 0.658842 0.672124 0.684885 0.69705 0.708542 0.719281 0.729195 0.738211 0.746259 0.753285 0.759225 0.764035 0.767678 0.770117 0.771337 0.771327 0.770082 0.76762 0.763956 0.759121 0.753167 0.746137 0.738097 0.729126 0.719299 0.708715 0.697479 0.685694 0.673478 0.660929 0.648137
0.238623 0.246597 0.254883 0.263467 0.272363 0.28158 0.291126 0.301008 0.311235 0.321813 0.332748 0.344046 0.35571 0.367742 0.380145 0.392918 0.406058 0.419561 0.433419 0.447624 0.462163 0.477018 0.492172 0.507601 0.523276 0.539166 0.555236 0.571441 0.587738 0.604072 0.620386 0.63662 0.652704 0.668565 0.684126 0.699305 0.714018 0.728174 0.741688 0.754469 0.766426 0.777476 0.787532 0.796518 0.804364 0.811 0.816373 0.820441 0.823159 0.824509 0.82448 0.823063 0.820276 0.816144 0.810696 0.803987 0.796075 0.787032 0.776941 0.765899 0.754012 0.741399 0.728194 0.714532 0.700547 0.686352
0.245544 0.253919 0.262624 0.271654 0.281023 0.290741 0.300819 0.311267 0.322092 0.333305 0.344913 0.356921 0.369338 0.382167 0.39541 0.409071 0.423146 0.437633 0.452528 0.46782 0.483496 0.499546 0.515945 0.53267 0.549697 0.566987 0.584503 0.602203 0.620033 0.637938 0.655858 0.673716 0.691444 0.70896 0.726167 0.742986 0.759313 0.77504 0.790084 0.804326 0.817659 0.830006 0.841247 0.851292 0.860081 0.867511 0.873525 0.878084 0.881121 0.882622 0.882576 0.880962 0.877811 0.873146 0.866995 0.859434 0.850517 0.840322 0.828961 0.816528 0.803146 0.788964 0.774126 0.758795 0.743166 0.727363
0.252645 0.261427 0.270571 0.280068 0.289933 0.300179 0.310818 0.321861 0.333319 0.345204 0.357525 0.37029 0.383509 0.397187 0.41133 0.425941 0.441021 0.456568 0.47258 0.489047 0.50596 0.523305 0.541061 0.559205 0.577708 0.596533 0.615644 0.63499 0.654517 0.674165 0.693864 0.713537 0.733102 0.752465 0.771527 0.790188 0.80833 0.825841 0.842607 0.858504 0.873411 0.887219 0.899808 0.911075 0.920925 0.929266 0.936021 0.941133 0.944545 0.946225 0.946158 0.944335 0.940772 0.9355 0.928563 0.920025 0.909964 0.898473 0.885657 0.871642 0.856563 0.840578 0.823868 0.806628 0.789088 0.771439
0.259908 0.269122 0.278725 0.288711 0.299096 0.309896 0.321124 0.332795 0.344922 0.357517 0.370593 0.384162 0.398234 0.412818 0.427922 0.443552 0.45971 0.476398 0.493615 0.511354 0.529605 0.548358 0.567591 0.587281 0.607402 0.627914 0.648776 0.669939 0.691341 0.712921 0.734601 0.756293 0.777909 0.799345 0.820485 0.841218 0.861412 0.88093 0.89965 0.917422 0.934106 0.949583 0.963706 0.976354 0.987426 0.996804 1.00441 1.01016 1.014 1.01589 1.01582 1.01375 1.00973 1.00379 0.995953 0.986319 0.974964 0.961992 0.947533 0.931718 0.914704 0.896669 0.877813 0.858369 0.838624 0.818841
0.267336 0.277002 0.287084 0.29758 0.308511 0.319892 0.33174 0.344072 0.356903 0.37025 0.384127 0.398548 0.413527 0.429077 0.445207 0.461927 0.479243 0.497157 0.515673 0.534785 0.554486 0.574767 0.595608 0.616986 0.638878 0.661238 0.684026 0.707194 0.730671 0.75439 0.778271 0.802213 0.826121 0.849879 0.873349 0.896414 0.918918 0.940701 0.96163 0.981526 1.00023 1.0176 1.03346 1.04768 1.06015 1.07071 1.07927 1.08577 1.09011 1.09225 1.09218 1.08986 1.08533 1.07863 1.06979 1.05892 1.04611 1.03146 1.01514 0.99729 0.978078 0.957715 0.936414 0.914438 0.89214 0.869873
0.274935 0.285063 0.295645 0.306675 0.318176 0.330166 0.342665 0.355692 0.369266 0.383406 0.39813 0.413455 0.429399 0.445977 0.463202 0.481088 0.499644 0.518877 0.538792 0.559387 0.580656 0.602596 0.625187 0.648409 0.672233 0.696621 0.721529 0.746902 0.772671 0.798763 0.825087 0.851537 0.878005 0.904355 0.930445 0.956127 0.981228 1.00558 1.02899 1.05129 1.07227 1.09178 1.10962 1.12563 1.13966 1.15157 1.16124 1.16858 1.1735 1.17595 1.17589 1.1733 1.16822 1.16068 1.15073 1.13848 1.12403 1.10751 1.08909 1.06894 1.04725 1.02424 1.00017 0.975315 0.950065 0.924917
0.282686 0.293303 0.304406 0.315992 0.328089 0.340716 0.353898 0.367656 0.382012 0.396988 0.412607 0.42889 0.445857 0.463528 0.481921 0.501054 0.520938 0.541585 0.563005 0.5852 0.608167 0.631906 0.656398 0.681626 0.707564 0.734172 0.761405 0.789209 0.817509 0.846225 0.875261 0.904498 0.933817 0.96307 0.992085 1.02071 1.04873 1.07595 1.10217 1.12716 1.1507 1.17263 1.19269 1.21071 1.22653 1.23996 1.2509 1.25921 1.26479 1.2676 1.26759 1.26473 1.25906 1.25061 1.23943 1.22565 1.20938 1.19077 1.17 1.14727 1.1228 1.09683 1.06962 1.0415 1.01287 0.984365
0.290594 0.301717 0.313361 0.325527 0.338246 0.351541 0.365437 0.379962 0.39514 0.410998 0.427562 0.444857 0.462909 0.481743 0.501379 0.521841 0.543147 0.565311 0.58835 0.612269 0.63707 0.662756 0.689313 0.716724 0.744969 0.774006 0.80379 0.834269 0.865356 0.896972 0.929016 0.961347 0.993838 1.02633 1.05861 1.09051 1.12179 1.15222 1.18158 1.2096 1.23603 1.26065 1.2832 1.30347 1.32128 1.33643 1.34877 1.3582 1.36455 1.3678 1.36788 1.36476 1.35847 1.34905 1.33655 1.32111 1.30284 1.28191 1.25854 1.23294 1.20536 1.17607 1.14537 1.1136 1.08116 1.04879
0.298657 0.310299 0.322505 0.335276 0.348642 0.362633 0.377278 0.392606 0.408647 0.425433 0.442993 0.461358 0.480559 0.500626 0.521585 0.543465 0.566289 0.590079 0.614856 0.64063 0.66741 0.695203 0.723999 0.753786 0.784543 0.816234 0.848814 0.882222 0.916381 0.951198 0.986559 1.02232 1.05834 1.0944 1.13032 1.16588 1.2008 1.23481 1.26766 1.29903 1.32864 1.35625 1.38155 1.40432 1.42434 1.44139 1.45531 1.46596 1.47321 1.47698 1.47723 1.47388 1.46698 1.45655 1.44267 1.42544 1.40502 1.38159 1.35536 1.3266 1.29558 1.26261 1.22803 1.19219 1.15554 1.11885
0.306854 0.319043 0.331833 0.34523 0.359271 0.373988 0.389414 0.405583 0.422529 0.440289 0.458898 0.478392 0.498807 0.52018 0.542543 0.565932 0.590378 0.615906 0.642546 0.670315 0.699226 0.729294 0.760513 0.792876 0.826369 0.860951 0.896584 0.933208 0.970733 1.00907 1.04809 1.08762 1.12752 1.16757 1.20751 1.2471 1.28603 1.32399 1.36067 1.39572 1.42881 1.45968 1.48798 1.51344 1.53586 1.55498 1.57062 1.58266 1.59093 1.59533 1.59582 1.59232 1.58487 1.57346 1.55816 1.53911 1.51643 1.49031 1.46104 1.42885 1.39407 1.35709 1.31824 1.27797 1.23669 1.19527
0.315192 0.32794 0.341335 0.355383 0.370125 0.385598 0.401838 0.418886 0.43678 0.455561 0.475273 0.495956 0.517653 0.540408 0.56426 0.589254 0.615426 0.642811 0.671446 0.701354 0.732557 0.765079 0.798917 0.83407 0.87053 0.908261 0.94722 0.987354 1.02857 1.07075 1.11378 1.15747 1.20165 1.24605 1.2904 1.33442 1.37773 1.41997 1.46081 1.49983 1.53665 1.57098 1.60244 1.63077 1.65572 1.67705 1.69455 1.70809 1.7175 1.72267 1.72354 1.72002 1.71211 1.69982 1.68318 1.66232 1.63737 1.60851 1.57603 1.54021 1.50142 1.46007 1.4166 1.37149 1.32527 1.27882
0.32366 0.336982 0.351001 0.365724 0.381193 0.397451 0.41454 0.432504 0.451388 0.47124 0.492109 0.514041 0.53709 0.561304 0.586734 0.61343 0.641438 0.670801 0.701566 0.733766 0.767431 0.80259 0.839251 0.877422 0.917092 0.958237 1.00082 1.04477 1.08998 1.13638 1.18379 1.23202 1.28085 1.33 1.37915 1.42794 1.47597 1.52281 1.56803 1.6112 1.65191 1.68981 1.72452 1.75577 1.78331 1.80688 1.82631 1.84144 1.85211 1.8582 1.85962 1.85628 1.84813 1.83517 1.8174 1.7949 1.7678 1.73625 1.70055 1.66101 1.61803 1.57206 1.52364 1.47335 1.42183 1.37008
0.332233 0.346159 0.360823 0.376242 0.392465 0.409537 0.427507 0.446425 0.466342 0.487312 0.509392 0.532636 0.557106 0.58286 0.609954 0.638452 0.668409 0.699875 0.732913 0.767561 0.803858 0.841851 0.881548 0.922963 0.966104 1.01094 1.05742 1.10551 1.15508 1.20603 1.25819 1.31133 1.36519 1.41946 1.47375 1.52763 1.58062 1.63222 1.68198 1.72935 1.77393 1.81533 1.8532 1.88725 1.91728 1.94304 1.96438 1.98114 1.99317 2.00034 2.00254 1.99964 1.9916 1.97832 1.9598 1.93604 1.90712 1.87316 1.83445 1.79126 1.74404 1.69335 1.63976 1.58399 1.52685 1.46946
0.340923 0.355458 0.370787 0.386925 0.403926 0.421842 0.440726 0.460636 0.481628 0.503765 0.52711 0.551729 0.57769 0.605062 0.633913 0.664315 0.696333 0.730034 0.765488 0.802745 0.841858 0.88288 0.925832 0.970738 1.0176 1.0664 1.11711 1.16965 1.22392 1.27978 1.33705 1.39545 1.45469 1.5144 1.57408 1.63325 1.69134 1.74774 1.80193 1.85335 1.90153 1.94611 1.98678 2.02331 2.05551 2.08324 2.10633 2.12468 2.13813 2.14655 2.14979 2.14775 2.14026 2.12723 2.10857 2.08418 2.05406 2.01828 1.97701 1.93055 1.87933 1.82395 1.76512 1.70367 1.64064 1.57727
0.349705 0.364867 0.380878 0.397757 0.415561 0.434349 0.454179 0.475116 0.497225 0.520577 0.545242 0.571297 0.59882 0.62789 0.658587 0.690994 0.725192 0.761258 0.799273 0.839304 0.881414 0.925668 0.972097 1.02073 1.07159 1.12465 1.17988 1.23719 1.29648 1.35759 1.42029 1.48428 1.54919 1.61455 1.6798 1.74432 1.80744 1.86844 1.9267 1.98166 2.03285 2.07995 2.12276 2.16112 2.19496 2.2242 2.24875 2.26852 2.2834 2.29322 2.29784 2.29711 2.29082 2.27879 2.26084 2.23676 2.20644 2.16977 2.12683 2.07781 2.02314 1.96343 1.8995 1.83237 1.76326 1.6936
0.358554 0.374372 0.391084 0.408722 0.427353 0.447038 0.467845 0.489846 0.513112 0.537723 0.563763 0.591314 0.620468 0.651317 0.683948 0.718465 0.754958 0.793516 0.834243 0.877212 0.922501 0.970191 1.02032 1.07293 1.12804 1.18564 1.24567 1.30808 1.37269 1.43934 1.50778 1.5776 1.64837 1.71953 1.79035 1.86009 1.9279 1.99297 2.05461 2.11222 2.16543 2.21399 2.25789 2.29715 2.33178 2.36188 2.38745 2.40834 2.42458 2.43596 2.44225 2.44338 2.43901 2.4289 2.4128 2.39029 2.3611 2.32495 2.28164 2.23125 2.17408 2.11077 2.04221 1.96958 1.89438 1.8182
0.367486 0.383954 0.401384 0.419803 0.439282 0.459892 0.481705 0.504803 0.529265 0.555182 0.582647 0.611755 0.642608 0.67531 0.709969 0.746696 0.785597 0.826783 0.870365 0.916437 0.96509 1.01641 1.07047 1.12729 1.18692 1.24932 1.31445 1.38221 1.45244 1.52491 1.59928 1.67511 1.75185 1.82875 1.90496 1.97953 2.05142 2.1197 2.18356 2.24251 2.29627 2.34483 2.38841 2.42727 2.46163 2.49175 2.51767 2.53935 2.55679 2.56977 2.57807 2.58156 2.5799 2.57276 2.55978 2.5404 2.51406 2.48021 2.43835 2.38825 2.33005 2.26429 2.19194 2.11436 2.03328 1.95055
0.37646 0.3936 0.411762 0.430979 0.451327 0.472884 0.495732 0.519957 0.545653 0.57292 0.601859 0.632579 0.665198 0.69983 0.7366 0.775634 0.817059 0.860997 0.907578 0.956913 1.0091 1.06426 1.12245 1.18373 1.2481 1.31556 1.38604 1.45941 1.53548 1.61395 1.69442 1.77633 1.85898 1.94145 2.02265 2.10139 2.17642 2.24667 2.31128 2.36984 2.42235 2.4691 2.51068 2.54766 2.58053 2.6097 2.63528 2.65729 2.67569 2.69026 2.70077 2.70707 2.70882 2.70566 2.69714 2.6825 2.66093 2.63149 2.59323 2.54553 2.48818 2.42155 2.34663 2.26495 2.17847 2.0894
0.385451 0.403289 0.422198 0.442227 0.463463 0.485989 0.509895 0.535281 0.562245 0.590899 0.62136 0.653746 0.688191 0.724828 0.763788 0.805228 0.849283 0.896092 0.945814 0.998567 1.05446 1.11365 1.17618 1.2421 1.31147 1.38421 1.46024 1.53944 1.6215 1.7061 1.79271 1.88065 1.96903 2.05671 2.14231 2.22435 2.30134 2.37206 2.43557 2.49178 2.54098 2.58396 2.62176 2.65533 2.68549 2.71272 2.73729 2.75915 2.77824 2.79431 2.80711 2.81651 2.82218 2.82382 2.82089 2.81254 2.79761 2.77475 2.74241 2.69942 2.6452 2.57954 2.50358 2.41895 2.32783 2.23283
0.394483 0.413001 0.432669 0.453526 0.475666 0.499181 0.524169 0.55074 0.579004 0.609084 0.641108 0.675211 0.711541 0.750247 0.791481 0.835411 0.882197 0.932 0.984986 1.0413 1.10108 1.16446 1.23151 1.30229 1.37682 1.45503 1.53682 1.62195 1.71012 1.80087 1.89357 1.98737 2.08115 2.17352 2.26279 2.3471 2.42472 2.49423 2.55484 2.60669 2.65057 2.68794 2.72031 2.74908 2.77547 2.79993 2.82281 2.84412 2.86356 2.88092 2.89598 2.90851 2.91839 2.92535 2.92878 2.92789 2.92114 2.90666 2.88242 2.8464 2.79734 2.73475 2.65944 2.57319 2.47846 2.37829
0.403495 0.422716 0.443151 0.464848 0.487906 0.512427 0.538518 0.566297 0.595888 0.627426 0.661052 0.696918 0.735186 0.776021 0.819599 0.866103 0.915713 0.968612 1.02498 1.08499 1.1488 1.21653 1.28826 1.36407 1.44393 1.52775 1.61539 1.70655 1.80082 1.89765 1.99626 2.09561 2.19437 2.29083 2.38297 2.46856 2.54554 2.61238 2.66841 2.71419 2.75108 2.78134 2.807 2.82995 2.85174 2.87283 2.89359 2.91397 2.93349 2.95193 2.96906 2.98461 2.99867 3.01107 3.02121 3.02838 3.03074 3.02593 3.01128 2.9839 2.94181 2.88392 2.81077 2.72419 2.6269 2.52242
0.41247 0.432411 0.453622 0.476166 0.500155 0.525694 0.552903 0.581914 0.612855 0.645879 0.681143 0.718808 0.759059 0.802082 0.848062 0.897214 0.949735 1.00582 1.06569 1.12951 1.19745 1.26968 1.34624 1.42718 1.5125 1.60203 1.69555 1.79273 1.89301 1.99573 2.09996 2.20447 2.30768 2.40758 2.50189 2.58786 2.66322 2.7263 2.77653 2.81508 2.84357 2.86602 2.88417 2.90032 2.91744 2.93468 2.95286 2.97234 2.99158 3.01082 3.02997 3.04814 3.06617 3.08397 3.10042 3.11587 3.12762 3.13269 3.12848 3.11055 3.07653 3.02423 2.95424 2.86847 2.7694 2.66154
0.421421 0.442062 0.464053 0.487455 0.512381 0.53895 0.567293 0.597546 0.629859 0.664392 0.701319 0.740821 0.783095 0.828346 0.876788 0.928648 0.984148 1.04351 1.10696 1.1747 1.24689 1.3237 1.40519 1.49138 1.58221 1.67747 1.77687 1.87993 1.98603 2.09432 2.20371 2.31284 2.41991 2.52268 2.61849 2.70435 2.77762 2.83648 2.88059 2.91153 2.93194 2.9458 2.95626 2.96611 2.97762 2.99102 3.00675 3.02464 3.04367 3.06365 3.08432 3.10524 3.12695 3.14956 3.17245 3.19529 3.21572 3.23043 3.23574 3.22688 3.20035 3.15379 3.08712 3.00219 2.90224 2.79169
0.430285 0.451644 0.474419 0.49868 0.524548 0.552155 0.581638 0.613148 0.646846 0.682905 0.721517 0.762877 0.807206 0.854724 0.905668 0.960286 1.01882 1.08152 1.14862 1.22035 1.29687 1.37835 1.46483 1.5563 1.65266 1.75361 1.85875 1.96749 2.07906 2.19248 2.3065 2.41963 2.52993 2.63498 2.73197 2.81752 2.88872 2.94362 2.98189 3.00562 3.01787 3.02379 3.02675 3.02997 3.03639 3.04579 3.05882 3.07538 3.09401 3.11465 3.13704 3.16045 3.18574 3.21309 3.24152 3.27127 3.29946 3.32229 3.336 3.3347 3.31449 3.2724 3.20817 3.12381 3.02266 2.90974
0.439053 0.461132 0.484692 0.509811 0.536626 0.565273 0.5959 0.628674 0.663762 0.70136 0.741672 0.784908 0.831311 0.881125 0.934598 0.992012 1.05362 1.1197 1.19052 1.26628 1.34717 1.43336 1.52486 1.62161 1.72344 1.82995 1.94064 2.05474 2.17133 2.28926 2.4072 2.52357 2.63639 2.74319 2.84118 2.92658 2.99627 3.04821 3.0816 3.0992 3.10417 3.10302 3.09902 3.09572 3.09743 3.10281 3.113 3.12838 3.14662 3.16807 3.19254 3.21865 3.24773 3.27988 3.31331 3.3493 3.38401 3.41301 3.43308 3.43694 3.42068 3.38077 3.31714 3.23206 3.1288 3.01323
0.447723 0.470501 0.494841 0.520819 0.548577 0.578263 0.610037 0.644072 0.680557 0.719697 0.761711 0.806836 0.855324 0.907444 0.963469 1.02369 1.08841 1.1579 1.23244 1.31227 1.39756 1.48846 1.58495 1.68694 1.79412 1.90601 2.02193 2.14096 2.26199 2.3837 2.5047 2.62336 2.73784 2.84583 2.94446 3.03013 3.09927 3.14943 3.1798 3.19286 3.19266 3.18502 3.1749 3.16635 3.16251 3.16411 3.17182 3.1854 3.2038 3.22668 3.25348 3.28354 3.31715 3.35419 3.3936 3.43474 3.47443 3.50826 3.53139 3.5374 3.52169 3.48103 3.41535 3.32707 3.22047 3.1012
0.456233 0.479722 0.504838 0.531666 0.560363 0.591082 0.623995 0.65929 0.697166 0.737844 0.781561 0.828568 0.879144 0.933572 0.99215 1.05519 1.12302 1.19592 1.27419 1.35808 1.44775 1.54333 1.64477 1.75186 1.86424 1.98125 2.10204 2.22548 2.35026 2.47492 2.59797 2.71792 2.83312 2.94156 3.04076 3.12698 3.19641 3.24634 3.27496 3.28508 3.28056 3.2679 3.2523 3.2382 3.22973 3.22735 3.23232 3.24482 3.26363 3.28863 3.3192 3.35416 3.39362 3.43706 3.48231 3.52909 3.57324 3.6097 3.63416 3.63941 3.62119 3.57655 3.50576 3.41187 3.29948 3.1748
