MatLab_Code/topo.grd
DSAA
101 101
0 10000
0 10000
1.457675 2023.552334
[rows 0 to 24 of 101, columns 0 to 55 of 101]
1.457675 2.270192 3.126668 3.964301 4.884503 5.794118 6.722774 7.723937 8.708576 9.729644 10.807388 11.862638 12.973448 14.121458 15.237215 16.432985 17.640485 18.803912 20.077955 21.331268 22.527053 23.871041 25.153880 26.397470 27.767084 29.059088 30.335114 31.704770 32.975888 34.256843 35.584040 36.784661 38.018015 39.231086 40.279874 41.374973 42.363989 43.142096 43.966958 44.588063 44.948891 45.345884 45.444413 45.284111 45.060884 44.507900 43.710104 42.772823 41.502764 40.021853 38.363141 36.404327 34.296413 32.023175 29.524688 26.981426
2.318696 3.071162 4.007666 4.943342 5.900714 6.892187 7.913315 8.964752 10.050848 11.165297 12.310679 13.489271 14.693690 15.928415 17.193587 18.481226 19.797455 21.140255 22.501664 23.888915 25.298342 26.722391 28.168580 29.627318 31.104215 32.594009 34.088018 35.593928 37.101134 38.599160 40.095071 41.569757 43.011251 44.421830 45.772490 47.050844 48.250061 49.333556 50.291183 51.103436 51.737561 52.184459 52.416638 52.409585 52.169138 51.651740 50.863049 49.804448 48.445880 46.815605 44.912171 42.728219 40.312754 37.665254 34.808861 31.811033
3.219632 4.054460 5.053679 6.055769 7.083182 8.151197 9.255917 10.392287 11.569970 12.783419 14.029724 15.316403 16.636340 17.988857 19.379603 20.800322 22.252760 23.740031 25.253750 26.797091 28.371341 29.968313 31.592276 33.244247 34.912922 36.605486 38.318708 40.042886 41.780924 43.525796 45.267383 46.999736 48.711689 50.388821 52.012799 53.569199 55.035668 56.382005 57.593576 58.639775 59.484332 60.120779 60.502574 60.616067 60.448715 59.962118 59.156267 58.029638 56.552927 54.745355 52.616501 50.154821 47.397896 44.368259 41.080877 37.588880
4.107635 5.043974 6.109952 7.179971 8.288129 9.437657 10.628003 11.861885 13.136501 14.453666 15.814976 17.215400 18.659549 20.146055 21.669059 23.236853 24.843461 26.483168 28.168931 29.888630 31.638083 33.435350 35.260838 37.114631 39.015455 40.938143 42.887954 44.879018 46.880069 48.902186 50.947094 52.975475 55.004684 57.013940 58.954850 60.852683 62.654801 64.307603 65.847896 67.187942 68.281223 69.175286 69.758141 70.007816 69.969410 69.534140 68.713286 67.540316 65.930849 63.931139 61.560293 58.770164 55.638521 52.173713 48.371420 44.333999
5.089757 6.061592 7.198025 8.349167 9.541976 10.780436 12.066815 13.400858 14.782736 16.214852 17.695478 19.224257 20.804315 22.432274 24.107528 25.834070 27.606707 29.425175 31.294679 33.208172 35.166287 37.175354 39.226688 41.324996 43.470122 45.657521 47.891615 50.169020 52.482716 54.834917 57.214976 59.607965 62.011493 64.400063 66.747620 69.043115 71.241749 73.307855 75.221441 76.923236 78.371642 79.548983 80.388983 80.863085 80.949347 80.606120 79.813394 78.566642 76.840580 74.639471 71.975456 68.846024 65.279549 61.306259 56.951177 52.265999
6.063194 7.119797 8.333522 9.566747 10.848740 12.182708 13.570688 15.013832 16.511069 18.066257 19.678616 21.346019 23.073461 24.858539 26.698385 28.600091 30.557759 32.569847 34.645334 36.775523 38.960294 41.211098 43.516340 45.880769 48.310622 50.797661 53.347049 55.963583 58.631297 61.360676 64.143656 66.953882 69.798572 72.651416 75.468371 78.251939 80.942261 83.486243 85.877960 88.032488 89.892335 91.454957 92.621951 93.353603 93.648914 93.424778 92.665790 91.388180 89.519942 87.099149 84.137636 80.598656 76.548113 72.016160 67.000772 61.596956
7.062509 8.213879 9.512339 10.832054 12.210617 13.646474 15.142517 16.704452 18.326150 20.013920 21.770102 23.587688 25.476101 27.433472 29.452712 31.547261 33.709730 35.934026 38.239199 40.610645 43.045622 45.568964 48.158426 50.818853 53.574332 56.399240 59.305811 62.313605 65.389340 68.552525 71.807192 75.106040 78.472610 81.877229 85.254404 88.625492 91.913984 95.038205 98.019677 100.733708 103.101515 105.150314 106.727897 107.788379 108.358058 108.297260 107.607770 106.313933 104.310284 101.648729 98.352110 94.356728 89.762072 84.583832 78.815087 72.585221
8.142626 9.344309 10.728893 12.147293 13.626941 15.172445 16.787570 18.473033 20.230601 22.063580 23.971538 25.955456 28.019453 30.162089 32.382074 34.686818 37.072220 39.537470 42.092087 44.729954 47.451914 50.271404 53.179589 56.185586 59.293277 62.504063 65.827796 69.265850 72.817454 76.491107 80.277530 84.162737 88.146410 92.192627 96.261935 100.334993 104.336039 108.200360 111.885476 115.283180 118.317863 120.941987 123.038117 124.553435 125.436791 125.609594 125.046128 123.721886 121.603895 118.689911 114.994313 110.513498 105.286115 99.353165 92.755685 85.557179
9.209918 10.515257 11.992922 13.509572 15.097481 16.759148 18.499232 20.320775 22.222637 24.210461 26.286383 28.447685 30.701960 33.049106 35.485580 38.022437 40.654418 43.380410 46.214822 49.148576 52.183124 55.338899 58.602434 61.984103 65.500730 69.144152 72.929366 76.873853 80.962922 85.215188 89.636816 94.192301 98.899862 103.725872 108.600665 113.527958 118.407881 123.141557 127.711979 131.963309 135.783083 139.158215 141.905981 143.949275 145.282841 145.753949 145.337321 144.059090 141.801929 138.599789 134.502455 129.428642 123.491795 116.731385 109.131983 100.851914
10.318172 11.719604 13.297982 14.919863 16.623944 18.409631 20.282963 22.250096 24.306974 26.462204 28.719143 31.072598 33.534707 36.104618 38.777201 41.568221 44.472143 47.484824 50.628527 53.890754 57.271799 60.802508 64.462991 68.265794 72.241487 76.371923 80.681135 85.200074 89.902424 94.824854 99.979685 105.319835 110.881544 116.627540 122.467580 128.419490 134.362967 140.161646 145.812224 151.110638 155.910314 160.209395 163.764788 166.485101 168.376094 169.229177 169.035530 167.820254 165.427958 161.938103 157.371380 151.643549 144.902051 137.169275 128.436020 118.893776
11.490203 12.959447 14.640245 16.378730 18.203471 20.121875 22.139744 24.259127 26.484203 28.820504 31.270025 33.833762 36.520952 39.330974 42.264461 45.332690 48.532781 51.866201 55.347488 58.971950 62.743973 66.684929 70.788599 75.073088 79.549820 84.231704 89.142323 94.296578 99.707063 105.403592 111.392843 117.656879 124.222430 131.040227 138.055406 145.234241 152.448029 159.578435 166.532312 173.108057 179.154812 184.565930 189.125339 192.728552 195.274181 196.630811 196.752263 195.604706 193.114964 189.304733 184.214585 177.759962 170.080079 161.217395 151.214429 140.193725
12.639380 14.236055 16.026554 17.880263 19.834454 21.892418 24.061127 26.347106 28.749698 31.278119 33.937745 36.726494 39.656882 42.729920 45.944363 49.316651 52.842962 56.523350 60.380654 64.405796 68.603396 73.006652 77.601779 82.408121 87.461267 92.756288 98.327291 104.218685 110.422868 116.991356 123.951890 131.277551 139.010222 147.115376 155.494619 164.153780 172.926194 181.622879 190.199222 198.359645 205.875731 212.708909 218.510675 223.131098 226.569047 228.540002 229.015709 228.053903 225.442895 221.268029 215.607074 208.309970 199.596425 189.470984 177.938117 165.265499
13.848566 15.540626 17.448011 19.427177 21.518222 23.724188 26.054168 28.515749 31.108409 33.844262 36.728516 39.760151 42.953633 46.311791 49.832828 53.536532 57.419948 61.482995 65.752976 70.220501 74.891465 79.805171 84.946673 90.341459 96.030287 102.011504 108.331610 115.043783 122.147591 129.711965 137.782865 146.332121 155.428283 165.037415 175.048082 185.469356 196.108652 206.730818 217.263398 227.350139 236.706173 245.247977 252.569048 258.491447 262.973204 265.709522 266.680784 265.917689 263.206223 258.676118 252.357620 244.135268 234.204671 222.629030 209.386076 194.765858
15.097031 16.876427 18.902282 21.016151 23.249072 25.612160 28.114070 30.760319 33.556631 36.514127 39.637334 42.931034 46.408934 50.073704 53.929490 57.993452 62.265602 66.751007 71.471873 76.426331 81.623936 87.097664 92.846153 98.900690 105.286568 112.036313 119.198252 126.819704 134.937041 143.633909 152.954381 162.916592 173.590073 184.944470 196.893905 209.408600 222.268511 235.245941 248.138978 260.559437 272.189717 282.793529 291.966923 299.501900 305.219690 308.906987 310.501361 309.994904 307.212419 302.282501 295.241387 285.978770 274.686932 261.452291 246.258380 229.386977
16.309385 18.241499 20.393135 22.639262 25.023767 27.550550 30.230669 33.075776 36.086606 39.278075 42.659750 46.232198 50.014820 54.013046 58.227632 62.684117 67.381685 72.322709 77.542700 83.032844 88.802264 94.902911 101.320256 108.085856 115.266023 122.860886 130.937939 139.588799 148.830629 158.777864 169.526915 181.076300 193.548914 206.942240 221.121530 236.120939 251.661866 267.380516 283.167731 298.438286 312.717533 325.900808 337.313027 346.667834 353.999144 358.795847 361.071506 360.947912 358.099055 352.729382 344.927318 334.474484 321.685811 306.586556 289.117424 269.759258
17.602472 19.625780 21.909389 24.301253 26.842721 29.542304 32.412314 35.464358 38.703602 42.145184 45.800000 49.672526 53.782808 58.138340 62.743739 67.625285 72.784490 78.228410 83.991686 90.069593 96.476465 103.262453 110.419427 117.990914 126.030797 134.564483 143.671901 153.446453 163.940846 175.292294 187.621706 200.970950 215.494106 231.209624 248.008238 265.899650 284.581490 303.642563 322.834838 341.502428 359.075825 375.249053 389.334344 400.993250 410.087900 416.230763 419.384963 419.644739 416.779634 410.966333 402.287285 390.582536 376.104662 358.901723 338.964527 316.687511
18.902168 21.032825 23.449988 25.992911 28.696694 31.576862 34.646450 37.915724 41.395388 45.102200 49.046303 53.238410 57.699296 62.437607 67.464176 72.804623 78.464711 84.456233 90.811823 97.534742 104.641232 112.179485 120.154094 128.611808 137.600633 147.168263 157.408751 168.416042 180.284999 193.182839 207.250841 222.601871 239.418692 257.754320 277.552754 298.787066 321.132311 344.121866 367.346816 390.038819 411.514247 431.241617 448.477940 462.817769 473.978825 481.671602 485.853755 486.587711 483.714065 477.441230 467.842661 454.773452 438.456659 418.958405 396.253958 370.726475
20.148938 22.457369 25.014590 27.704876 30.580820 33.647354 36.921314 40.422071 44.152766 48.136166 52.389989 56.918417 61.751498 66.902270 72.375989 78.212525 84.416150 90.994247 98.001128 105.428390 113.291069 121.666838 130.536707 139.945637 149.998517 160.698476 172.153928 184.530956 197.884727 212.438798 228.426956 245.931059 265.260806 286.538063 309.636581 334.694651 361.268930 388.706789 416.710757 444.136475 470.034050 494.024432 514.915154 532.190303 545.878529 555.290417 560.523353 561.896399 559.011182 552.239789 541.747052 527.175461 508.944389 486.998414 461.186537 432.177071
21.498587 23.888648 26.590487 29.444111 32.494133 35.755505 39.246416 42.983273 46.979030 51.255911 55.831406 60.719414 65.948813 71.535176 77.493866 83.861453 90.648374 97.872761 105.580580 113.774858 122.481248 131.762618 141.620213 152.108228 163.298939 175.246397 188.061398 201.891446 216.866684 233.228636 251.236829 271.093325 293.141018 317.574752 344.391092 373.660538 404.952143 437.597045 470.938712 503.753927 534.943106 563.605589 588.661916 609.479765 625.734272 637.112816 643.655360 645.548846 642.763973 635.546882 624.021287 608.045351 587.772761 563.179040 534.234365 501.317747
22.813820 25.329452 28.176596 31.193966 34.423487 37.885376 41.599385 45.582839 49.853315 54.435833 59.349680 64.614434 70.261826 76.311053 82.783718 89.719022 97.133399 105.050453 113.518151 122.549012 132.167909 142.441952 153.380192 165.041717 177.492347 190.796576 205.080170 220.491620 237.191855 255.461612 275.606102 297.913013 322.806527 350.581679 381.334427 415.154531 451.612031 489.942341 529.254416 568.105331 605.119448 639.089861 668.739254 693.366500 712.541324 726.006080 733.896644 736.454615 733.754057 726.105389 713.641907 696.216299 673.921859 646.680809 614.410244 577.454102
24.055838 26.768990 29.769830 32.945027 36.363902 40.030064 43.968929 48.213353 52.765496 57.662510 62.935487 68.589146 74.675612 81.218981 88.226588 95.771045 103.860401 112.504865 121.805876 131.741912 142.328966 153.713972 165.831110 178.738274 192.607118 207.388124 223.229168 240.384347 258.896693 279.136439 301.535258 326.285141 354.071450 385.302872 419.978786 458.608697 500.540642 544.827326 590.687573 636.079574 679.429115 719.125145 753.765308 782.473061 804.697724 820.391828 829.666424 832.908953 830.349644 822.310346 808.966385 790.182659 765.963458 736.099043 700.534055 659.485274
25.424666 28.205468 31.354175 34.705556 38.307902 42.184577 46.361441 50.861939 55.709486 60.936302 66.570032 72.638246 79.183175 86.233793 93.822383 102.002276 110.799617 120.251423 130.422137 141.329363 153.015185 165.559265 178.968311 193.309346 208.652807 225.064064 242.662520 261.609584 282.089399 304.424372 329.021747 356.309837 386.924675 421.427561 460.144670 503.397278 550.752281 601.303682 653.694395 705.850277 755.816606 801.473699 841.301444 874.266971 899.645093 917.640572 928.401656 932.329196 930.005798 921.681812 907.528379 887.579609 861.561611 829.226678 790.544711 745.499024
26.710274 29.630969 32.930537 36.451703 40.243559 44.332919 48.747587 53.515109 58.661828 64.224212 70.235177 76.726664 83.746616 91.331270 99.518780 108.369845 117.920099 128.213027 139.323341 151.274441 164.117564 177.939995 192.747680 208.618682 225.616706 243.795365 263.271503 284.197769 306.732740 331.209653 358.063283 387.747638 421.014467 458.579423 500.898341 548.481326 600.968633 657.407138 716.242481 775.067252 831.599081 883.227143 928.258700 965.479571 994.051574 1014.340871 1026.583205 1031.282165 1029.217019 1020.693644 1005.908036 984.923996 957.340685 922.804952 881.261708 832.549196
27.931499 31.036430 34.493039 38.176166 42.163925 46.465649 51.116900 56.160158 61.607708 67.510109 73.912172 80.832383 88.342466 96.484487 105.284438 114.841517 125.185052 136.349324 148.464611 161.532128 175.593071 190.811153 207.136892 224.633930 243.471998 263.576663 285.071108 308.175002 332.883800 359.565521 388.706867 420.609701 456.260402 496.498268 541.727981 593.071307 650.003942 711.658610 776.398058 841.376261 904.487318 961.451219 1011.517097 1053.251207 1084.492898 1107.170630 1121.055398 1126.274204 1124.677289 1116.090170 1100.620616 1078.972643 1050.034301 1013.457647 969.748472 917.658620
29.243096 32.419868 36.024254 39.885935 44.058767 48.575825 53.472230 58.780802 64.537913 70.788755 77.575169 84.943001 92.953070 101.654630 111.104741 121.382189 132.543635 144.645197 157.794095 172.037063 187.433765 204.103466 222.066428 241.398890 262.157822 284.387486 308.158658 333.545681 360.653891 389.710730 421.060727 455.191295 492.897725 535.132370 582.741455 636.641720 696.842705 762.512306 831.912707 902.080874 970.127408 1032.500411 1087.098860 1132.318433 1166.985224 1191.830612 1207.085597 1213.435685 1212.133151 1203.469955 1187.727008 1165.171619 1135.103705 1097.043749 1051.030700 996.597155
