MatLab_Code/topo.grd
DSAA
101 101
0 10000
0 10000
1.457675 2023.552334
[rows 25 to 49 of 101, columns 0 to 55 of 101]
30.448121 33.772937 37.526024 41.552834 45.914375 50.643608 55.777955 61.358114 67.420484 74.016161 81.196331 89.008466 97.522742 106.799933 116.901338 127.919849 139.921622 152.982305 167.217893 182.684990 199.469858 217.700054 237.399275 258.660707 281.549423 306.072617 332.290019 360.243017 389.922545 421.485425 455.196656 491.369519 530.809940 574.539797 623.431745 678.829706 740.937377 809.163812 881.873687 955.882949 1028.288306 1094.780066 1153.349081 1202.161700 1239.521687 1266.596294 1283.420954 1290.599906 1289.744066 1281.045464 1264.790474 1241.524769 1210.344125 1170.799637 1123.258913 1066.862639
31.601828 35.086472 38.989535 43.174163 47.724383 52.660199 58.027964 63.879146 70.240667 77.178821 84.753779 93.004391 102.026066 111.884558 122.634875 134.410157 147.273599 161.300252 176.660777 193.401983 211.611527 231.490784 253.028492 276.317249 301.512005 328.517546 357.384800 388.169117 420.673631 454.986233 491.224493 529.451858 570.416714 615.104123 664.310378 719.968814 782.493047 851.443640 925.873571 1002.177875 1077.694082 1147.190729 1209.003473 1261.125272 1300.792307 1330.052246 1348.538789 1356.446573 1356.028880 1347.182066 1330.150745 1306.018604 1273.561835 1232.470622 1183.780037 1125.903845
32.805440 36.358964 40.400375 44.752880 49.476998 54.618053 60.219200 66.324038 72.986318 80.263361 88.215491 96.910373 106.431833 116.860514 128.272187 140.793494 154.517561 169.540706 186.022673 204.061766 223.766456 245.314349 268.772498 294.251615 321.818009 351.500192 383.289518 417.091664 452.762741 490.162781 529.127342 569.678900 612.155741 657.362876 706.468025 761.125526 822.521540 890.678255 964.776845 1041.733280 1118.236796 1190.128478 1254.328295 1308.563909 1351.173893 1382.370248 1402.214963 1411.353896 1410.971909 1401.556826 1383.636512 1357.728398 1323.516428 1280.895530 1230.327128 1171.781384
33.880112 37.582337 41.760353 46.260911 51.159836 56.493617 62.314868 68.674661 75.620864 83.221097 91.548347 100.666793 110.674820 121.660430 133.716005 146.976911 161.547911 177.551714 195.164834 214.497362 235.695845 258.961442 284.369903 312.065285 342.159002 374.633234 409.489499 446.618117 485.712284 526.503233 568.613249 611.683946 655.784093 701.497037 749.802614 802.787609 862.031141 927.922625 1000.601270 1076.842685 1153.684676 1226.635694 1292.590793 1349.079005 1393.739207 1426.946804 1448.285750 1458.082100 1457.588570 1447.147898 1427.368184 1399.171805 1362.418940 1317.336734 1265.150195 1205.581511
34.924307 38.749823 43.059782 47.702633 52.767548 58.286453 64.316204 70.917716 78.133283 86.046203 94.731353 104.255132 114.731108 126.258590 138.929942 152.909093 168.310451 185.262689 203.988314 224.602838 247.268726 272.252165 299.623904 329.553248 362.223911 397.578110 435.632741 476.265644 519.038447 563.576417 609.165353 655.204898 701.267063 747.558845 795.134084 845.952374 902.382485 965.112680 1035.316496 1109.870819 1185.841589 1259.292149 1326.407981 1384.586279 1431.412820 1466.461580 1489.158371 1499.558540 1498.411433 1486.231580 1463.713286 1431.967424 1391.532578 1343.144075 1288.361885 1227.593498
35.977352 39.860798 44.289521 49.076027 54.289649 59.985197 66.215213 73.034744 80.511131 88.717052 97.735613 107.643278 118.561568 130.597835 143.859008 158.514677 174.705893 192.577379 212.354555 234.207164 258.313997 284.939075 314.242208 346.409228 381.584156 419.842376 461.158331 505.328630 551.949446 600.419138 649.768223 699.045347 747.430214 794.651129 841.714670 890.584451 944.076458 1003.871795 1070.979323 1143.403583 1218.212915 1291.543766 1359.519302 1419.176045 1468.079354 1504.953167 1528.915478 1539.647297 1537.365812 1522.526843 1496.129150 1459.449812 1413.877340 1360.976486 1302.443117 1239.815243
36.883322 40.909490 45.452459 50.357201 55.716476 61.569329 67.978400 75.009860 82.716482 91.189475 100.516520 110.778410 122.102027 134.606030 148.409948 163.696499 180.614648 199.334765 220.108286 243.108077 268.557482 296.761235 327.876671 362.141375 399.783065 440.821067 485.289122 533.009882 583.444070 635.929184 689.166200 741.981563 792.960218 841.312214 888.245663 935.320622 986.308655 1043.074532 1107.789185 1178.337983 1252.072613 1325.472923 1394.332529 1455.610727 1506.479180 1545.248540 1570.464353 1581.220541 1577.336213 1559.048732 1527.528515 1484.664602 1432.593077 1373.666540 1310.422877 1244.824286
37.792577 41.893445 46.540214 51.560501 57.047972 63.045527 69.619328 76.836494 84.754541 93.470285 103.073714 113.653022 125.343011 138.269057 152.561363 168.416207 185.994386 205.483247 227.156627 251.206139 277.882067 307.522835 340.311389 376.526534 416.425544 460.057787 507.487100 558.519215 612.575255 668.904941 725.926091 782.239787 835.936229 885.772514 933.048392 979.094789 1028.347241 1083.219848 1146.078482 1215.346292 1288.515431 1362.120854 1432.014920 1495.007762 1547.949539 1588.683134 1615.249367 1625.828186 1620.039554 1597.647107 1559.974310 1509.721247 1449.711638 1383.552278 1314.157670 1244.518478
38.672666 42.813827 47.551235 52.679081 58.276634 64.405391 71.125253 78.501800 86.609417 95.536376 105.375869 116.234750 128.242358 141.537620 156.252941 172.596827 190.753730 210.912122 233.359382 258.334856 286.088528 316.969526 351.244616 389.187140 431.051984 477.004604 527.066942 581.029952 638.345567 698.093126 758.606408 818.078771 874.450760 926.222963 974.232104 1020.428762 1069.099754 1123.277027 1185.296168 1254.077300 1327.274315 1401.396224 1472.501894 1537.257413 1592.327888 1635.014963 1662.802235 1673.282780 1665.330992 1638.478655 1594.265672 1535.852222 1467.114026 1392.643376 1316.184914 1241.253425
39.395462 43.669973 48.491231 53.697356 59.399156 65.634488 72.473741 79.994702 88.253642 97.355432 107.402204 118.482290 130.753829 144.350354 159.409094 176.164631 194.788712 215.491229 238.593491 264.315413 292.944773 324.888689 360.370286 399.717041 443.287484 491.147648 543.406415 599.901239 659.988185 722.793527 786.361832 849.054911 908.221661 962.054705 1011.982067 1058.911016 1108.264199 1162.492289 1225.070396 1294.195643 1367.799005 1442.911223 1515.311678 1581.903758 1638.884675 1683.522557 1712.777702 1722.823787 1712.955170 1681.635815 1630.320389 1563.536807 1485.401183 1401.972032 1317.408374 1236.347339
40.174595 44.464856 49.355096 54.642053 60.423140 66.751397 73.692530 81.322298 89.710040 98.951828 109.153649 120.418217 132.890660 146.717537 162.052625 179.110310 198.093086 219.223838 242.812202 269.107511 298.429979 331.160912 367.579769 408.051788 452.889509 502.245422 556.244906 614.689817 676.986587 742.187837 808.429574 873.795224 935.795156 992.598290 1045.079756 1094.732963 1146.223973 1202.354363 1266.004982 1335.978998 1410.340454 1486.138235 1559.572157 1627.471262 1686.127376 1732.287152 1762.440332 1772.381738 1760.436467 1724.849393 1667.080142 1592.085407 1504.785188 1412.222300 1319.395820 1231.317005
40.892420 45.202982 50.151233 55.502516 61.347422 67.747277 74.768066 82.480064 90.961109 100.306493 110.618015 122.009555 134.622947 148.604402 164.122466 181.385654 200.611532 222.013460 245.917946 272.606450 302.375231 335.622932 372.689723 413.906159 459.601592 510.021326 565.234493 625.085891 689.050379 756.174053 824.698973 892.679849 957.782660 1018.208036 1074.466580 1128.104330 1183.079264 1242.129809 1307.667566 1378.866251 1453.988324 1530.279086 1604.335781 1673.069084 1732.812323 1779.995093 1810.704215 1820.409848 1806.420725 1766.905403 1703.284775 1620.574289 1524.670349 1423.227254 1322.132969 1226.738561
41.454101 45.891197 50.889731 56.275244 62.176025 68.624450 75.693635 83.469803 92.004452 101.408777 111.793181 123.244217 135.932111 149.999825 165.588365 182.954810 202.283693 223.796969 247.861094 274.709531 304.658687 338.190026 375.543263 417.100223 463.313522 514.280207 570.192827 630.990200 696.105425 764.783726 835.291478 906.041042 974.584328 1039.119704 1100.380037 1158.770264 1218.325232 1280.834246 1349.121389 1421.825582 1497.588227 1574.253188 1648.525511 1717.712657 1777.865501 1825.686419 1857.092966 1865.851055 1850.451725 1807.553315 1737.964052 1648.515068 1544.260766 1434.461420 1325.035664 1222.497788
42.151205 46.538174 51.570344 57.000269 62.928266 69.411068 76.514612 84.312326 92.877245 102.304949 112.700015 124.170965 136.862249 150.922217 166.514717 183.855212 203.153210 224.651714 248.665070 275.462261 305.401865 338.865086 376.208306 417.792758 464.012561 515.115494 571.270652 632.450993 698.257124 767.991200 840.272210 913.472585 985.647731 1055.074100 1121.762282 1186.315898 1251.242231 1318.437464 1389.411923 1463.724251 1540.188977 1616.723729 1690.768505 1759.639832 1819.835318 1867.584980 1898.488079 1906.872380 1889.431769 1843.285046 1769.378036 1673.697536 1562.604059 1445.318465 1328.732789 1219.166966
42.761795 47.153648 52.213472 57.665105 63.610046 70.106084 77.218133 85.016318 93.573176 102.983396 113.347529 124.772861 137.401481 151.377965 166.864355 184.072106 203.208185 224.514341 248.295164 274.833548 304.482260 337.605602 374.600171 415.821515 461.672837 512.458469 568.390841 629.514470 695.598053 766.095377 839.887274 915.624974 991.573502 1066.055720 1138.725305 1209.637856 1280.407058 1352.349566 1426.539758 1502.658170 1579.776692 1656.219281 1729.820648 1798.153346 1857.905825 1905.243905 1935.591719 1943.083091 1923.850982 1874.830730 1796.839694 1695.828212 1578.617222 1454.749076 1331.621405 1215.796040
43.231193 47.754191 52.834094 58.281650 64.237292 70.726244 77.818433 85.599728 94.111601 103.462088 113.756447 125.071037 137.570732 151.389587 166.658801 183.627974 202.471934 223.402436 246.788390 272.851250 301.904084 334.460384 370.756673 411.212189 456.358529 506.380328 561.622052 622.321967 688.241627 759.161018 834.257891 912.400055 992.138399 1071.713042 1150.668488 1227.972452 1304.735018 1381.696364 1459.197464 1537.267529 1615.227725 1691.482739 1764.566201 1832.277389 1891.199726 1937.906561 1967.898134 1973.842472 1953.276650 1901.843606 1819.541678 1714.247987 1591.362386 1461.807485 1332.807200 1211.643563
43.946957 48.351740 53.439377 58.900145 64.839560 71.311388 78.376385 86.099171 94.547660 103.808111 113.972639 125.141642 137.444825 151.014569 166.003763 182.606993 201.016790 221.464742 244.236623 269.620298 297.919400 329.539583 364.854482 404.267279 448.222463 497.110292 551.286584 611.033900 676.423019 747.368528 823.389689 903.601874 986.839766 1071.430658 1156.223480 1240.113263 1322.897291 1404.817238 1485.899030 1566.103052 1644.899267 1721.258300 1793.818082 1860.607907 1918.718600 1964.355185 1992.808232 1997.821346 1975.014842 1920.892274 1835.976791 1726.500125 1599.619001 1465.532939 1332.192506 1206.538652
44.556371 48.965354 54.058358 59.510909 65.431766 71.870162 78.884372 86.538122 94.888952 104.022455 114.026795 124.987820 137.034239 150.290972 164.891891 181.030676 198.888113 218.674079 240.680024 265.151399 292.433189 322.888115 356.906690 394.893767 437.339279 484.677236 537.341483 595.753808 660.181238 730.761344 807.328673 889.318892 975.748916 1064.935289 1155.432053 1245.450449 1334.052551 1420.912070 1505.595407 1588.096499 1668.043163 1744.611599 1816.775870 1882.759403 1939.822865 1984.278047 2011.418411 2014.792319 1990.085828 1933.564919 1845.646151 1732.896995 1602.414365 1464.708998 1327.871240 1198.928447
45.113849 49.620038 54.716846 60.142964 66.043517 72.435746 79.380455 86.952404 95.179283 104.154758 113.965430 124.667399 136.402781 149.278532 163.399229 178.979723 196.162871 215.133641 236.206250 259.589432 285.584048 314.638718 347.049302 383.267642 423.873017 469.246571 519.963797 576.652676 639.618950 709.345499 786.056228 869.249690 958.416851 1051.732139 1147.535339 1243.255361 1337.330201 1429.233491 1517.307359 1602.231116 1683.645545 1760.450987 1832.338478 1897.609703 1953.428981 1996.526801 2022.414908 2023.552334 1997.092307 1938.396446 1847.274542 1732.098497 1598.561189 1458.257756 1318.954856 1187.982578
45.943991 50.326892 55.423199 60.849428 66.711368 73.056917 79.934573 87.394073 95.489030 104.287463 113.857823 124.277933 135.648710 148.068947 161.659331 176.573135 192.961577 211.016288 230.975096 253.088186 277.637804 304.978574 335.529665 369.708968 408.037622 451.112372 499.515596 553.943894 615.043622 683.451431 759.638615 843.528821 934.658684 1031.377919 1131.522653 1232.419643 1331.626709 1427.808887 1519.700579 1607.168567 1689.927989 1767.439133 1839.098600 1903.442420 1957.990592 1999.261190 2022.665843 2021.966360 1992.711335 1931.417858 1838.747300 1721.232743 1586.463713 1444.963736 1304.917349 1173.189245
46.708526 51.120680 56.222312 61.630136 67.462907 73.754204 80.550155 87.901943 95.842358 104.439566 113.758100 123.847865 134.810753 146.734016 159.702971 173.875757 189.374645 206.359700 225.076226 245.719610 268.590119 294.029474 322.409819 354.217775 389.997605 430.358078 475.992716 527.764697 586.474106 652.980890 728.093909 811.944932 904.335518 1003.613447 1107.457436 1212.684491 1316.301455 1416.651596 1511.792531 1601.659865 1685.957885 1763.959784 1835.356526 1898.746631 1951.623326 1990.855007 2011.996742 2008.568198 1977.019280 1913.585732 1818.913970 1700.423891 1565.031314 1423.607906 1284.068588 1153.134860
47.538257 52.026473 57.139625 62.529026 68.338151 74.576273 81.288719 88.529471 96.307502 104.691932 113.737553 123.470474 133.992956 145.367078 157.657835 171.010913 185.523575 201.328913 218.656553 237.678308 258.662159 281.967887 307.941335 337.065734 369.960554 407.235116 449.715167 498.411488 554.205563 618.242045 691.683992 774.630455 867.404432 968.264555 1074.730514 1183.290986 1290.386408 1394.429189 1492.140530 1584.061982 1669.902695 1747.938836 1818.855806 1881.228377 1931.778155 1968.601193 1987.274165 1980.494003 1946.767430 1881.579710 1785.502823 1667.378015 1532.800106 1393.168904 1255.851548 1127.380412
48.669977 53.060828 58.191884 63.597164 69.381329 75.579059 82.223612 89.342558 96.966800 105.137252 113.887874 123.259928 133.312031 144.097907 155.668322 168.132491 181.578113 196.108220 211.910315 229.163138 248.103974 269.025326 292.356521 318.545738 348.200336 382.095059 421.080437 466.233320 518.766131 579.904817 650.913275 732.369884 824.408945 925.537361 1033.093037 1143.544319 1253.017664 1358.950172 1458.953009 1552.304996 1638.505730 1716.664769 1786.531028 1846.810073 1895.062220 1928.672219 1943.526470 1934.203520 1897.630151 1831.084325 1736.126945 1619.485919 1488.483461 1352.900303 1220.046434 1095.829145
49.785242 54.266693 59.434214 64.845407 70.627676 76.792757 83.371511 90.394853 97.862051 105.815987 114.286430 123.273506 132.840797 143.014856 153.817889 165.348836 177.649874 190.803428 204.981650 220.303157 237.001874 255.377282 275.790941 298.757210 324.926906 355.067066 390.197987 431.537996 480.352436 538.063214 606.224381 685.288895 775.736525 876.033518 983.420057 1094.328635 1204.495439 1311.559319 1412.108969 1505.699015 1591.840688 1668.729230 1736.810462 1794.785117 1839.570662 1869.758243 1881.390296 1868.654975 1830.661520 1764.141767 1670.719916 1558.182899 1432.249052 1302.764042 1176.183125 1058.044298
51.107717 55.665488 60.887633 66.329249 72.128459 78.282497 84.816365 91.756310 99.085637 106.839299 115.029680 123.640664 132.717938 142.263203 152.279267 162.827603 173.927321 185.634881 198.068927 211.333721 225.640202 241.243067 258.527435 278.019083 300.390113 326.525306 357.513119 394.752803 439.598735 493.640363 558.561488 634.680422 722.669774 820.933103 926.572031 1036.231676 1145.432660 1251.738458 1351.410866 1443.866456 1528.562213 1603.174028 1668.470462 1723.186676 1763.947799 1790.170445 1798.163501 1782.623774 1743.714041 1678.533071 1589.103908 1482.696989 1364.524748 1243.454354 1125.218879 1014.888773
