MatLab_Code/topo.grd
DSAA
101 101
0 10000
0 10000
1.457675 2023.552334
[rows 50 to 74 of 101, columns 0 to 55 of 101]
52.752947 57.280856 62.577758 68.094137 73.930781 80.104598 86.629163 93.503900 100.727705 108.307316 116.233472 124.488635 133.084100 141.999704 151.217906 160.759565 170.618591 180.810632 191.412176 202.507832 214.263545 226.892444 240.825884 256.570076 274.859246 296.734292 323.387231 356.324477 397.187333 447.586523 509.055107 582.134348 667.040510 762.232832 864.868880 971.578721 1078.174490 1181.575382 1278.950681 1368.776396 1450.087928 1521.648356 1583.034266 1633.086662 1669.821737 1691.545157 1695.500240 1678.458356 1639.246637 1576.978076 1493.977025 1395.579683 1287.497975 1176.768221 1068.642281 967.458410
54.431738 59.157920 64.564352 70.158950 76.075349 82.299929 88.839980 95.704766 102.850748 110.286098 117.993254 125.913767 134.052686 142.361786 150.777488 159.314936 167.908226 176.531384 185.243651 194.051525 203.095610 212.595716 222.912614 234.637997 248.574608 265.868621 287.940836 316.557932 353.393690 400.154915 458.505131 528.360614 610.107326 701.934887 800.741462 903.637700 1006.254920 1105.816436 1199.179658 1284.930608 1362.144161 1429.062287 1485.679460 1530.962837 1562.649506 1580.080235 1580.946140 1562.212697 1524.312170 1466.247806 1390.268279 1301.518301 1204.375658 1105.090064 1007.863187 916.776566
56.476445 61.308509 66.859088 72.587330 78.621512 84.943439 91.553957 98.445152 105.568463 112.914272 120.441776 128.080757 135.804251 143.533403 151.187897 158.722244 166.043954 173.094554 179.846705 186.285518 192.518357 198.668312 205.141484 212.570471 221.793230 234.243713 251.594642 275.862695 309.004352 352.713065 408.356039 475.643747 554.422025 642.699194 737.395301 835.644305 933.456959 1027.885853 1116.334100 1197.013346 1268.784014 1330.540859 1381.674776 1421.304959 1448.199035 1461.224417 1458.902624 1439.731898 1403.466527 1350.386546 1282.694735 1204.022504 1118.612663 1031.215640 945.426431 864.723212
58.842209 63.764474 69.495974 75.414545 81.613886 88.089962 94.833224 101.811977 108.976766 116.301212 123.717584 131.136929 138.508658 145.717547 152.658044 159.236702 165.317573 170.793227 175.580675 179.607209 182.906963 185.557550 187.944707 190.706606 194.841002 202.068059 214.498289 234.555695 264.540083 306.037292 359.866769 425.455190 501.930857 587.041724 677.853131 771.394862 864.090239 953.068010 1035.968483 1110.971750 1176.905621 1232.820884 1278.114941 1312.077107 1333.932524 1342.827797 1337.882708 1318.402004 1284.355322 1236.454307 1176.708839 1108.014119 1033.826450 957.907253 883.290764 812.752112
61.282676 66.564389 72.530804 78.662084 85.095311 91.787780 98.720501 105.876722 113.162129 120.541034 127.941095 135.227897 142.334579 149.120867 155.417633 161.121167 166.033799 169.981532 172.850873 174.465521 174.802367 173.859677 171.937232 169.762655 168.284927 169.799897 176.988794 193.033565 220.588931 260.905241 314.409539 379.232714 454.388198 537.233072 624.469514 713.790776 801.542114 884.994281 962.241557 1031.317073 1091.058359 1140.981725 1180.241294 1208.406248 1225.363499 1230.274391 1222.919396 1203.298949 1171.414346 1128.362597 1075.975145 1016.293781 952.410239 887.159369 822.758522 761.938820
64.250819 69.705608 75.962369 82.398884 89.128889 96.117896 103.340021 110.749361 118.258022 125.805626 133.286123 140.559308 147.517820 153.981386 159.762716 164.697065 168.539672 171.082667 172.111523 171.402389 168.843269 164.298665 157.978016 150.540980 143.005919 138.198932 139.756214 152.353643 178.781807 219.894764 274.544768 340.138523 414.914696 496.039685 580.520063 665.856527 748.912448 827.141228 898.670567 961.769636 1015.412735 1059.060290 1092.232232 1114.712861 1126.637645 1127.681300 1117.985216 1098.023216 1068.003800 1029.157685 983.083319 931.382312 876.489254 820.620404 765.614324 713.490416
67.501502 73.226915 79.829801 86.642462 93.749531 101.125745 108.737648 116.516444 124.364690 132.210071 139.915688 147.311306 154.270169 160.575968 165.984137 170.309570 173.264732 174.548693 173.935883 171.095789 165.831794 157.903118 147.342917 134.624636 120.815630 109.286867 105.111701 115.447010 142.630919 186.611540 243.965591 311.290097 386.369081 466.372790 548.436722 630.234338 708.905393 782.023028 847.920101 905.029901 952.462436 989.718677 1016.685629 1033.367501 1040.157035 1037.213828 1025.030207 1004.307134 975.639686 940.120493 899.169053 854.171483 806.892194 759.099974 712.263188 667.889789
70.847432 77.149355 84.173081 91.408730 98.996453 106.862852 114.964310 123.257672 131.590856 139.878173 147.983741 155.681903 162.823598 169.161692 174.405530 178.335665 180.607964 180.901823 178.926572 174.298532 166.785098 155.966345 141.823532 124.784975 105.323459 88.092539 77.775461 89.079227 117.974420 166.382075 227.550161 296.475455 372.084065 451.222250 530.782754 609.376331 683.757662 751.705505 812.077289 863.043221 903.870539 934.671869 955.101725 965.551565 967.041818 959.727239 944.537588 922.678934 894.484445 861.333695 824.495009 784.735943 743.815064 702.887348 662.879102 625.358336
74.864984 81.451940 88.976567 96.769664 104.929379 113.408162 122.159516 131.096357 140.087390 149.019812 157.708493 165.929951 173.488229 180.084653 185.415734 189.206750 191.073398 190.678160 187.690310 181.728593 172.494536 159.666626 143.130959 123.234401 101.102030 81.717452 71.682410 84.432725 117.048248 168.419057 231.293318 301.335332 376.562078 454.130405 531.285197 606.161054 676.002710 738.735422 793.025918 837.446489 871.471172 895.052357 908.471936 912.311384 907.768940 895.565348 876.891725 852.996527 824.560949 792.805388 758.810639 723.263492 687.341192 651.985196 617.908625 586.062506
79.074479 86.173676 94.273031 102.708947 111.560096 120.786626 130.336598 140.106698 149.950739 159.745244 169.273718 178.270394 186.520523 193.684592 199.391294 203.358815 205.176623 204.449579 200.898284 194.152016 183.961811 170.188856 152.891696 132.840110 111.782504 95.104766 89.409956 105.777041 141.346235 194.130188 257.619515 327.590612 401.896442 477.640820 551.911205 622.869626 687.849599 744.762629 792.440537 829.624442 855.983894 871.560674 877.100189 873.444407 862.072313 844.175807 821.127839 794.364896 764.801987 733.457669 701.268332 668.814410 636.835529 605.985506 576.756797 549.761300
83.362958 91.286543 100.075583 109.225982 118.920413 129.044573 139.546184 150.379082 161.306561 172.207376 182.879705 192.961160 202.232879 210.314678 216.758258 221.285966 223.426625 222.794936 219.162761 212.201480 201.871658 188.199263 171.764531 153.791456 137.133503 126.853601 128.672348 150.379619 188.762243 242.097632 305.974061 375.505910 448.943459 523.064276 594.096149 661.197506 720.936131 771.199283 811.779500 840.778538 858.132164 864.840833 861.217940 848.766671 829.532009 804.787883 776.299643 745.862885 714.105038 682.240850 651.035273 620.574005 591.637742 564.428783 539.053706 516.170489
88.416005 96.798002 106.338413 116.384528 127.025873 138.218801 149.912807 161.990300 174.281165 186.622514 198.737465 210.297962 220.999103 230.389985 238.027082 243.531968 246.421319 246.339599 243.071729 236.449556 226.575059 213.951044 199.558751 185.316491 174.596573 172.050188 182.559404 209.612789 252.306935 308.250155 373.703252 444.726659 518.377238 591.323648 660.242732 723.064592 777.160931 820.600454 852.600722 872.206076 879.531311 875.424653 861.089462 838.402394 809.706173 776.804540 741.784865 706.448477 671.632751 638.350661 607.137086 577.983080 551.167640 526.738307 504.627410 485.008175
93.500090 102.678683 113.077157 124.107800 135.862292 148.306409 161.392007 175.002824 188.954483 203.075195 217.061144 230.524028 243.127076 254.359301 263.669033 270.658517 274.810715 275.714018 273.256658 267.432719 258.553019 247.520429 235.788749 225.767096 221.157695 226.102748 244.447427 278.465924 327.040223 387.954476 457.745954 532.226858 608.085953 681.604103 749.043560 808.336568 856.827965 892.653407 915.390761 924.255218 919.714382 903.111989 876.150158 841.279223 801.365981 758.798966 715.875479 674.555186 635.777627 600.282944 568.357133 539.806673 514.521206 492.244535 472.723127 455.872052
98.686622 108.864203 120.251378 132.362933 145.417583 159.304271 173.995613 189.457712 205.409168 221.693624 238.037141 253.913663 268.980101 282.656588 294.229418 303.309305 309.248870 311.582087 310.398575 305.670674 297.972719 288.782390 279.798674 273.656951 274.983554 286.762265 312.458663 354.489827 410.459318 478.708115 555.724778 636.128114 716.596259 792.689618 859.758317 916.409306 959.491895 986.986865 999.828917 996.576566 978.114137 947.289389 905.499815 856.107038 803.279297 749.258750 697.005455 648.861833 605.157032 566.800856 533.726180 505.161929 480.950144 460.392557 442.928141 428.402330
104.429945 115.351283 127.783499 141.175184 155.638475 171.179204 187.783895 205.349054 223.698680 242.645519 261.820115 280.754495 298.974263 315.761954 330.385868 342.217304 350.538254 354.882245 355.210823 351.775934 345.399056 337.769354 331.242413 328.901552 334.960904 353.073914 386.291264 436.156268 501.194459 579.013856 665.336543 754.694948 842.140949 922.461491 991.223705 1045.654418 1083.405788 1103.019929 1104.436628 1087.710791 1054.195655 1006.298309 947.438171 881.631179 813.476657 746.478053 683.838332 627.692681 578.598245 536.921282 502.191215 473.422826 449.880098 430.666001 414.993677 402.369002
110.055155 122.050778 135.625874 150.372317 166.433297 183.830414 202.576685 222.612446 243.763478 265.847987 288.499244 311.168165 333.318344 354.122825 372.612755 388.037555 399.493628 406.300115 408.506720 406.353347 400.952522 394.445810 389.487503 389.642882 399.555632 422.825549 462.604766 520.782938 595.554089 684.363851 782.248874 882.509000 979.021487 1065.440405 1136.748974 1189.911185 1222.712132 1233.920843 1223.789828 1192.607714 1142.234771 1075.870022 997.875143 913.529756 828.563039 747.341393 673.371869 608.865983 554.087303 508.979948 472.564142 443.455895 420.521228 402.481574 388.353542 377.444174
115.706927 128.839991 143.679665 159.873098 177.707435 197.153981 218.286998 241.160810 265.531664 291.279278 318.098645 345.275081 372.265490 398.101172 421.472312 441.511970 456.928904 466.738757 471.072044 470.064539 464.976998 458.727443 454.121561 455.116769 467.421479 494.199896 539.215577 605.160593 689.455340 789.982094 900.517553 1013.189885 1120.152653 1213.414487 1288.472075 1340.490128 1368.366365 1371.779630 1349.505533 1303.420325 1235.855408 1149.432740 1051.165472 946.990190 844.389080 748.396232 662.887154 590.370227 530.063522 481.793315 444.031550 414.660710 392.387147 375.530009 362.817155 353.461592
121.580990 135.692828 151.813493 169.617110 189.295577 210.986921 234.804938 260.772905 288.824408 318.844835 350.461703 383.074148 415.963163 447.921353 477.536102 503.344913 523.699700 537.356297 543.872765 543.644861 538.190516 530.519297 524.543195 524.744099 536.675333 564.972785 613.432784 684.604370 777.241148 888.247283 1010.487698 1135.076009 1251.991964 1352.035592 1430.111000 1481.257814 1504.520387 1499.935280 1466.574872 1406.230775 1321.590554 1216.126493 1098.013955 974.883893 855.255008 745.560869 649.865291 569.988056 505.248311 454.578908 415.827749 386.680220 365.223080 349.560818 338.306444 330.387938
127.083548 142.435346 159.889577 179.312999 200.983121 225.051608 251.723405 281.130098 313.242302 348.030671 385.213949 424.123598 463.995182 503.470511 540.621152 573.643718 600.195383 618.286544 627.270212 627.181991 619.836590 609.044045 599.100470 595.410449 604.378334 630.692423 679.004207 752.539298 849.902360 968.460167 1099.471811 1233.643523 1358.400008 1462.911674 1543.651799 1592.720153 1611.192902 1600.382798 1556.572973 1483.864049 1385.293175 1262.526446 1127.507450 988.132259 854.388869 733.738985 630.105194 545.297990 477.705668 425.927531 387.247319 358.843184 338.614553 324.414284 314.610851 308.126909
132.413945 148.913708 167.755634 188.836073 212.568539 239.120024 268.793438 301.889450 338.390612 378.416507 421.838309 467.893835 515.876231 564.211082 610.455971 652.274888 686.336777 709.850345 721.292063 720.543671 709.682555 693.191153 676.398671 665.533202 667.794455 688.297322 732.161318 803.111747 900.042245 1020.576686 1154.518853 1293.187910 1421.153846 1526.193044 1607.712929 1653.293675 1666.934924 1651.770908 1599.456218 1517.793542 1410.154274 1274.755949 1128.508811 978.635552 836.113874 709.303883 601.700846 515.095931 446.974205 395.681498 358.210193 331.262603 312.695120 300.127586 291.865100 286.791428
137.529455 155.065025 175.228211 198.007841 223.754912 252.845918 285.645869 322.495022 363.655793 409.318322 459.414257 513.432689 570.533399 628.917797 685.887131 738.021950 780.958829 810.809093 824.675711 822.267086 805.947842 780.792233 753.858902 732.226424 723.499346 733.900670 768.372905 830.567324 920.265299 1034.253179 1163.506784 1297.085342 1421.049458 1523.335064 1599.231665 1642.011947 1652.265812 1631.199311 1576.458530 1490.958257 1377.878453 1240.689863 1091.357519 939.599264 796.659434 670.158566 564.003515 479.028269 413.149097 364.199342 328.911743 304.244840 287.677568 276.887129 270.248306 266.527973
141.935075 160.650644 182.089763 206.447405 234.221915 265.775459 301.630079 342.319430 388.151450 439.548440 496.680062 559.028339 625.911467 695.417552 764.154203 828.042881 881.047238 918.051560 934.160975 928.854803 904.959473 868.288556 827.712878 791.497916 768.202709 763.904417 783.902096 831.919250 907.432358 1008.142490 1124.068202 1246.658036 1360.379258 1453.026755 1523.803490 1560.387959 1566.632225 1545.457538 1488.819635 1404.392327 1295.537333 1161.165431 1017.757067 872.468660 736.372931 616.676615 516.603353 437.469704 376.304066 331.416530 299.712689 277.839302 263.682563 254.902130 249.831008 247.430729
145.892816 165.536387 188.185631 214.048124 243.705521 277.610480 316.405130 360.782375 411.181925 468.234113 532.338812 603.089288 679.966160 760.872635 842.052323 918.343988 981.910847 1026.640007 1044.435047 1035.105227 1002.007850 951.104957 894.328307 840.748937 799.591595 777.302513 778.831076 807.599987 863.114495 942.990140 1039.098167 1141.979792 1239.208337 1319.817686 1379.698385 1411.454252 1415.670794 1393.144832 1341.075935 1263.084092 1162.181597 1041.543098 912.012800 781.443989 659.938271 552.789149 463.466015 392.874806 338.593415 299.116991 271.542419 252.960035 241.337693 234.488786 230.955833 229.720292
149.182283 169.634111 193.318811 220.541789 251.854007 287.916944 329.411759 377.121014 431.799899 494.145719 564.716135 643.487990 729.822068 821.582528 914.601515 1002.607424 1076.308517 1127.257349 1146.554183 1132.483688 1088.662631 1023.198257 949.050674 876.787796 816.256955 774.102635 754.882355 761.554439 793.947089 849.603845 921.997076 1002.203255 1080.121793 1146.303569 1195.063457 1221.585806 1224.492785 1203.508283 1158.212126 1090.349384 1002.777119 900.011870 789.572933 678.803354 575.585894 484.459715 408.401756 348.043706 301.887038 268.453343 245.363030 230.191049 221.005748 215.971844 213.803366 213.556139
151.424474 172.711499 197.266910 225.569171 258.365198 296.216531 339.986444 390.670142 448.965401 515.869751 592.222349 677.836121 772.500218 873.858836 977.353772 1075.857536 1157.963630 1215.940829 1234.390367 1214.812325 1161.451322 1079.947772 988.721900 897.808691 818.183216 755.870564 715.195289 699.594449 707.883692 738.855074 787.479521 844.977734 903.837260 955.636610 994.088312 1015.826306 1018.502084 1000.770182 963.922196 908.324009 836.259284 753.401801 663.968132 573.914090 491.008388 416.752898 354.466778 305.435195 267.483932 240.262082 221.816804 209.788952 202.924175 199.519871 198.428267 198.980198
