MatLab_Code/topo.grd
DSAA
101 101
0 10000
0 10000
1.457675 2023.552334
[rows 75 to 99 of 101, columns 0 to 55 of 101]
152.996891 174.722705 199.954268 229.156550 263.046011 302.351681 347.960096 400.954547 462.219470 532.806533 613.670732 704.828492 805.954679 914.608484 1025.800760 1131.674582 1219.749098 1280.068775 1298.333036 1273.592534 1210.264448 1116.838718 1010.820581 903.834863 806.982629 726.379541 666.116609 629.214005 615.309488 623.636327 650.357612 687.894842 730.009043 769.311461 799.344491 817.560335 820.977527 807.912797 779.997518 737.111462 681.309476 617.373704 548.182589 478.684613 413.900519 355.795670 306.792233 267.736337 237.707372 216.160163 201.624275 192.460508 187.426004 185.237852 184.991696 186.052358
153.557228 175.586567 201.241970 231.029036 265.649765 305.958059 352.860578 407.461895 470.824346 544.015352 628.008869 722.998784 828.460448 941.850131 1057.791131 1167.824609 1258.999619 1319.637134 1336.528466 1307.188328 1236.083498 1133.392763 1015.899137 896.187344 785.305325 689.378213 612.421904 557.106680 523.952858 512.949155 521.266391 542.828519 571.831019 601.425344 625.755929 641.787872 646.756643 639.115550 619.695614 588.712778 547.793180 500.404517 448.941461 396.931064 347.998049 303.816134 266.239139 236.074694 212.825621 196.117532 184.932608 178.018028 174.392393 173.086391 173.360975 174.703280
152.861384 175.165679 201.002114 230.987936 266.048774 306.818507 354.344339 409.900688 474.317462 548.867519 634.675631 731.499971 839.199353 954.915170 1072.991243 1184.752097 1276.236698 1338.114314 1351.141208 1317.717575 1242.369257 1131.299033 1005.801485 876.522674 755.754242 648.128597 557.612261 488.087036 438.737519 411.569801 406.021217 414.882155 434.714522 458.149490 478.470638 494.246462 501.705269 498.565706 487.663451 467.119340 438.106676 405.253394 368.210174 330.069152 294.513410 261.576119 233.259689 210.591737 192.769805 179.988656 171.483182 166.203788 163.598633 162.845129 163.351826 164.785703
151.476590 173.544695 199.291457 229.272623 264.238766 305.037929 352.650395 408.260111 472.915442 547.744976 633.753548 730.962242 838.772045 954.331781 1071.778367 1182.275147 1272.321029 1330.131317 1342.060691 1305.904592 1226.145491 1112.903975 982.994159 848.874629 721.576604 606.548384 507.462413 426.758933 365.662238 326.075528 308.619077 308.736284 322.299104 341.747429 361.195067 377.249750 387.221447 389.558570 384.746399 372.650015 354.253913 331.630904 305.890043 279.044216 253.074617 229.024073 208.051973 190.839407 177.355802 167.494142 160.834874 156.767522 154.738097 154.230272 154.800386 156.126452
148.940498 170.668961 196.082699 225.668006 260.189879 300.492503 347.549585 402.511979 466.430777 540.402923 625.365317 721.321559 827.568275 941.194040 1056.301013 1164.079562 1251.311132 1306.154624 1315.772834 1277.707973 1196.355206 1081.935284 950.548982 814.565930 684.638708 565.996520 462.033596 374.721677 305.372333 256.376570 229.936112 223.188596 232.711997 250.343255 269.844179 287.178845 299.708429 306.143555 306.595202 301.082399 290.356187 275.872934 258.626471 239.983397 221.528129 204.091103 188.584028 175.647836 165.327863 157.636796 152.350019 149.047385 147.360203 146.917406 147.382979 148.510403
145.157840 166.588655 191.389862 220.208276 253.968437 293.268956 339.130037 392.807765 455.063087 527.093000 609.930287 703.140413 806.410229 916.732508 1028.167535 1132.373009 1215.879365 1269.360116 1275.555572 1236.329711 1156.091426 1040.890823 910.527251 775.062239 646.200962 527.469515 422.304086 332.723519 258.758012 202.803866 170.452541 157.488635 165.081659 182.262998 202.217414 220.949300 235.588700 244.826951 249.296111 248.534969 243.157742 234.701183 223.489073 210.770249 197.804618 185.165810 173.677805 163.868903 155.849294 149.733494 145.397498 142.580846 141.062432 140.567039 140.839115 141.711476
140.937227 161.436725 185.411111 213.300479 245.810057 283.732172 327.965414 379.569611 439.519904 508.807697 588.265190 677.847650 776.819459 882.365762 988.862102 1088.004746 1167.379463 1215.864263 1221.612191 1182.371873 1102.362380 991.384139 864.424244 733.150688 607.454009 491.957123 389.448824 300.830294 226.748015 169.014470 131.835206 115.464542 120.019028 135.980492 156.037385 175.075523 190.662788 201.752675 208.317614 210.588686 209.001743 204.380798 197.358239 188.834489 179.676194 170.506703 161.912711 154.362101 148.053944 143.069114 139.411589 136.939910 135.484874 134.884889 134.953097 135.543641
135.639383 155.236601 178.191356 204.823685 235.843505 271.961075 314.032946 363.076043 419.946950 485.614397 560.880101 645.617906 739.224041 839.008556 939.609659 1033.203773 1107.811709 1153.105814 1157.306843 1118.708933 1041.412700 934.672574 813.177503 687.867422 568.304216 458.608658 361.345649 277.182887 206.242853 149.845817 111.946526 93.314369 95.305019 108.988658 127.449356 145.441007 160.555739 171.987698 179.534786 183.402077 183.996449 181.878302 177.653798 171.970613 165.488327 158.771180 152.260643 146.367428 141.302387 137.169350 134.017709 131.779118 130.356944 129.641594 129.502292 129.831176
129.441503 148.190885 169.904534 195.023417 224.314721 258.282473 297.761423 343.780739 396.952268 458.259158 528.555461 607.440407 694.665377 787.674650 881.406140 968.702711 1037.868395 1080.928016 1082.936285 1045.683281 973.092725 871.433465 757.412513 639.895286 528.929141 427.140032 337.255103 260.066927 194.998922 143.163473 107.559965 88.403531 87.602978 97.730681 112.906799 128.231960 141.601166 152.194121 159.525431 163.910378 165.611618 164.915126 162.432848 158.638910 153.964835 148.959938 143.970068 139.276808 135.149936 131.674967 128.912981 126.866690 125.468462 124.656137 124.338497 124.434257
123.044177 140.434745 160.803824 184.335512 211.587386 243.196892 279.847427 322.341971 371.440415 427.904900 492.362240 564.784190 644.601668 729.564494 815.132507 894.578189 957.614858 995.118287 997.306202 962.543894 894.626462 802.224302 697.844051 591.046148 489.871496 397.801286 316.898456 247.607756 189.870275 144.381587 112.406975 94.758779 90.944024 96.672518 107.396633 119.172245 129.980036 138.861731 145.359038 149.546048 151.542005 151.628564 150.201329 147.584228 144.195563 140.409143 136.492982 132.743894 129.330149 126.370589 123.947666 122.065487 120.703343 119.825024 119.365892 119.269556
115.906109 132.081122 151.008371 172.759697 197.902301 226.922258 260.447714 299.230988 343.813145 394.917569 453.128978 518.226263 589.858391 665.958605 742.426778 813.395750 869.403533 902.890256 904.068854 872.450210 811.517549 728.613743 635.578703 540.547721 450.998702 369.588923 298.324181 237.728711 187.511102 148.220675 120.333491 103.923884 98.230169 100.219940 106.827680 114.931991 122.922215 129.825122 135.058967 138.612905 140.512433 140.878994 140.015144 138.173297 135.635072 132.701054 129.592130 126.534539 123.688178 121.154147 119.013143 117.287741 115.977107 115.061684 114.499964 114.253790
108.365969 123.381698 140.763038 160.647482 183.580433 209.907443 240.182600 275.076245 314.954159 360.439298 412.051916 469.400318 532.249745 598.782704 665.255348 726.797954 775.085348 804.110678 804.456383 776.825327 724.136720 652.388648 572.144963 490.044608 412.999112 342.692018 281.195183 229.056356 185.927351 152.219117 127.864274 112.682954 105.633833 104.733923 107.916722 112.829879 118.209692 123.168035 127.067621 129.827597 131.385128 131.769755 131.192948 129.825818 127.865588 125.546285 123.045683 120.524648 118.133492 115.957076 114.064805 112.494158 111.249809 110.327639 109.701662 109.345265
100.921328 114.443285 130.296731 148.356593 169.008071 192.648371 219.699623 250.613198 285.806954 325.691555 370.522964 420.122963 473.993675 530.503229 586.623461 638.042453 678.297320 701.547908 702.227591 679.358090 635.475866 576.495911 509.828783 441.526061 376.584815 317.306054 265.153727 220.667459 183.845645 154.787045 133.332281 119.110778 111.236708 108.319817 108.860708 111.285758 114.483794 117.692291 120.387695 122.344295 123.465824 123.747950 123.295946 122.215550 120.663728 118.799078 116.751764 114.665717 112.646894 110.771573 109.107998 107.685272 106.520918 105.617240 104.957756 104.526911
93.127202 105.416666 119.760098 135.954461 154.422011 175.390619 199.226255 226.339823 256.898729 291.257741 329.623235 371.541281 416.692112 463.645442 509.648126 551.571095 584.132321 602.983727 603.628484 585.641255 550.893710 503.936429 450.404813 394.966349 341.911472 292.793546 249.189542 211.702517 180.329663 155.234048 136.217840 122.908508 114.622127 110.351276 109.053392 109.560923 111.038756 112.835810 114.455696 115.684787 116.383433 116.489378 116.063774 115.167653 113.895311 112.363367 110.674022 108.931013 107.218064 105.603914 104.143004 102.863909 101.788160 100.921343 100.253321 99.778052
85.432604 96.517994 109.354070 123.770834 140.108777 158.541815 179.344481 202.816274 229.051655 258.266501 290.556287 325.439207 362.537030 400.689302 437.483795 470.740241 496.495757 511.146887 512.389385 499.206335 472.944422 437.302274 395.754716 352.072328 309.474671 269.439056 233.367269 201.863963 175.177943 153.428051 136.476968 124.084715 115.685183 110.607107 108.063725 107.221916 107.416841 108.104225 108.877361 109.495586 109.807679 109.743668 109.304303 108.519467 107.453522 106.178321 104.769542 103.306976 101.854100 100.465565 99.188243 98.048540 97.066340 96.250064 95.595677 95.100311
78.059471 87.796733 99.241226 112.008647 126.340646 142.418933 160.437593 180.550574 202.857863 227.464424 254.284922 282.982244 313.098218 343.571492 372.765302 398.759219 418.877660 430.642682 432.353447 423.357509 404.515103 378.119195 346.739096 313.001534 279.259298 247.025501 217.377137 191.057252 168.391229 149.518958 134.456246 122.996354 114.767504 109.272095 105.950882 104.197421 103.466201 103.336259 103.456874 103.587809 103.590422 103.371227 102.906767 102.201812 101.289944 100.218659 99.038093 97.807880 96.576431 95.385842 94.275365 93.267596 92.380805 91.624646 90.999116 90.502379
70.663346 79.382822 89.532767 100.719347 113.247197 127.162613 142.614710 159.778646 178.574297 199.083713 221.267189 244.609622 268.843313 293.155199 316.005713 336.398384 352.296197 361.766144 364.169216 358.566164 345.476546 326.586179 303.276917 277.550918 251.208830 225.411416 201.220250 179.335595 160.121609 143.817932 130.487315 120.005609 112.146026 106.562135 102.820838 100.493786 99.156557 98.451854 98.091911 97.866254 97.628975 97.288751 96.803720 96.159908 95.372420 94.464707 93.472964 92.439836 91.396289 90.380186 89.421911 88.536440 87.745034 87.056501 86.467538 85.985309
63.733154 71.398802 80.323892 90.113273 100.975718 112.970114 126.194852 140.728967 156.525986 173.593457 191.832101 210.850820 230.376311 249.746381 267.868346 283.992953 296.713283 304.707413 307.522343 304.424396 295.686668 282.294392 265.169006 245.703215 225.196268 204.679229 185.024378 166.886777 150.691202 136.667894 124.949504 115.501904 108.170285 102.715526 98.837786 96.207836 94.501844 93.424148 92.744549 92.269331 91.863326 91.442513 90.949163 90.359504 89.677523 88.908857 88.076237 87.210491 86.332316 85.470329 84.648446 83.879873 83.181368 82.561196 82.019675 81.561617
57.213320 63.836672 71.687729 80.228183 89.622728 99.930515 111.218885 123.503570 136.756049 150.961184 165.964643 181.504625 197.312045 212.837177 227.399888 240.325346 250.672619 257.611262 260.614280 259.265564 253.622966 244.214486 231.728486 217.037390 201.152405 184.914482 169.005113 154.071656 140.483420 128.503400 118.309730 109.891319 103.183502 98.026679 94.206038 91.476740 89.578967 88.292240 87.415925 86.780891 86.274125 85.806452 85.320473 84.787985 84.198185 83.550617 82.856828 82.135556 81.403106 80.678183 79.979483 79.319945 78.710573 78.159446 77.669591 77.243213
50.856812 56.771933 63.665462 71.058947 79.190120 88.029005 97.621259 108.043691 119.156594 130.968158 143.411426 156.133727 169.019708 181.672526 193.422962 203.997965 212.614517 218.589203 221.734148 221.526827 217.990082 211.486100 202.370450 191.314001 179.048360 166.205585 153.397370 141.159452 129.821612 119.672573 110.888366 103.479737 97.459229 92.718545 89.079686 86.399900 84.463802 83.081282 82.112810 81.401360 80.840210 80.363819 79.903127 79.426514 78.926681 78.385934 77.812502 77.221808 76.615217 76.012592 75.429044 74.866472 74.342714 73.862393 73.422413 73.034756
45.144347 50.230250 56.248784 62.684435 69.687293 77.273369 85.469996 94.283183 103.647005 113.545403 123.873938 134.413445 145.029707 155.407841 165.099947 173.822156 181.062593 186.309686 189.355106 189.840719 187.722668 183.234350 176.590664 168.256778 158.795114 148.680962 138.408515 128.428646 119.049797 110.518700 103.015166 96.598172 91.278272 87.001079 83.655824 81.118988 79.236782 77.863181 76.871474 76.140833 75.576515 75.112733 74.691701 74.278946 73.859702 73.417862 72.953456 72.474584 71.982680 71.490170 71.007254 70.538336 70.093868 69.679445 69.295223 68.946755
39.801113 44.171777 49.448090 55.040855 61.087439 67.604267 74.611127 82.096322 90.016862 98.344541 106.979387 115.772219 124.593947 133.184951 141.253304 148.537133 154.646423 159.248897 162.108263 162.997484 161.843492 158.767208 153.944930 147.674840 140.383682 132.445430 124.238684 116.149829 108.435929 101.323304 94.985783 89.483576 84.854534 81.075701 78.065684 75.739793 73.983203 72.678944 71.723783 71.018405 70.482851 70.055306 69.685574 69.339704 68.998826 68.648066 68.282144 67.904015 67.514819 67.120697 66.729662 66.345842 65.975996 65.624942 65.294219 64.987058
34.691426 38.620292 43.250885 48.086510 53.322908 58.929212 64.913000 71.317907 78.033635 85.059446 92.357852 99.716522 107.101034 114.311570 121.031135 127.177220 132.387773 136.358561 139.036964 140.130488 139.579145 137.540756 134.036966 129.314093 123.730424 117.503786 110.973866 104.466149 98.155685 92.278109 86.983424 82.314482 78.351785 75.073310 72.417122 70.348868 68.762795 67.567238 66.694118 66.047942 65.562203 65.191334 64.881779 64.603394 64.341410 64.073936 63.796433 63.511382 63.212357 62.906843 62.600828 62.292782 61.992842 61.703204 61.422020 61.158059
30.236576 33.522560 37.582328 41.812325 46.328858 51.171053 56.330822 61.790465 67.528535 73.509629 79.669988 85.903292 92.123888 98.179736 103.865912 109.043318 113.485679 116.965190 119.376242 120.547280 120.424403 119.075858 116.547659 113.024426 108.728057 103.875362 98.716757 93.482942 88.379726 83.564525 79.162406 75.274652 71.919134 69.107753 66.836534 65.024501 63.627116 62.588576 61.805651 61.239581 60.835115 60.517508 60.276341 60.075281 59.877284 59.691965 59.500403 59.289191 59.077961 58.853525 58.616300 58.385903 58.148111 57.910250 57.686453 57.459233
25.979018 28.751594 32.342687 36.031064 39.960386 44.158922 48.595700 53.301989 58.230746 63.325373 68.587433 73.894319 79.153904 84.296660 89.121449 93.510764 97.319990 100.342214 102.506873 103.682591 103.831247 102.982124 101.163200 98.542607 95.250902 91.458851 87.404060 83.221700 79.093601 75.188945 71.570651 68.342414 65.554583 63.189995 61.263002 59.731868 58.540010 57.652865 56.998727 56.528981 56.205239 55.967768 55.798319 55.667963 55.547153 55.436267 55.320149 55.188731 55.051529 54.900548 54.735926 54.568580 54.391886 54.210029 54.031007 53.847026
